   0.582659
   0.424913
   0.237968
   0.132337
   0.096869
  0.0733601
  0.0532655
  0.0399936
  0.0286905
   0.021299
  0.0150803
  0.0110656
 0.00774075
 0.00562191
 0.00388901
 0.00279939
 0.00191837
 0.00137079
0.000931707
0.000661524
0.000446637
0.000315255
0.000211545
0.000148606
9.91961e-05
6.93859e-05
4.60823e-05
3.21077e-05
2.12319e-05
1.47362e-05
 9.7034e-06
6.71115e-06
4.40156e-06
3.03405e-06
1.98228e-06
  1.362e-06
 8.8656e-07
6.07269e-07
3.93928e-07
2.69047e-07
1.73989e-07
1.18568e-07
7.65408e-08
 5.2149e-08
3.37728e-08
 2.3198e-08
1.53219e-08
1.09171e-08
7.76458e-09
6.19239e-09
5.27568e-09
5.15989e-09
 5.5159e-09
6.41036e-09
7.83987e-09
9.82795e-09
1.26308e-08
1.62311e-08
 2.8682e-08
5.03189e-08
8.95076e-08
1.63378e-07
2.24734e-07
3.15487e-07
4.33511e-07
6.13826e-07
8.48028e-07
1.21353e-06
 1.6877e-06
2.43855e-06
 3.4103e-06
4.96388e-06
6.97207e-06
1.02006e-05
1.43643e-05
2.10959e-05
2.97348e-05
4.37277e-05
6.16313e-05
9.06379e-05
0.000127587
 0.00018733
 0.00026309
0.000385276
0.000539149
0.000786473
 0.00159002
   0.237405
   0.322276
   0.571372
   0.757857
   0.314458
   0.174371
2.10912e-08
3.68679e-08
6.46769e-08
1.15341e-07
 0.00109574
 0.00220229
 0.00317428
  0.0043663
 0.00624271
 0.00851749
  0.0120593
  0.0163056
  0.0228354
  0.0305631
  0.0422949
  0.0560053
  0.0765819
   0.100458
   0.136141
   0.177576
   0.426926
   0.765899
9.82512e-08
3.36772e-08
2.12419e-08
1.66353e-07
5.71984e-08
1.30531e-08
3.06532e-07
    0.55371
8.31816e-09
0.000541374
  0.0011266
0.000257018
6.07717e-09
0.000120811
5.77222e-07
 0.00231298
5.62318e-05
2.59596e-05
  0.0046717
1.18868e-05
5.40222e-06
6.13272e-09
2.43753e-06
1.09227e-06
 0.00926081
4.86249e-07
9.42911e-09
2.15185e-07
 1.8932e-08
9.48272e-08
4.18723e-08
  0.0179564
1.11101e-06
   0.033964
2.18397e-06
   0.293304
4.36884e-06
    0.06271
8.85865e-06
1.81346e-05
3.73139e-05
   0.114135
7.69473e-05
0.000158483
0.000325346
0.000663529
 0.00134143
  0.0362549
   0.019463
 0.00268046
  0.0102343
 0.00528137
    0.06608
   0.209017
   0.118423
   0.757396
   0.547309
   0.390801
   0.211542
   0.395497
   0.754675
0.000776131
 0.00160549
0.000370514
0.000174977
 0.00327175
8.18148e-05
3.79079e-05
 0.00655558
1.74258e-05
7.94776e-06
3.59839e-06
   0.153124
 1.6178e-06
  0.0128667
7.22486e-07
3.20633e-07
1.11566e-08
1.41561e-07
6.23969e-08
7.42579e-09
2.78113e-08
 6.0871e-09
 1.3099e-08
7.40155e-09
1.80477e-08
4.40007e-07
2.39304e-07
  0.0246654
8.30281e-07
  0.0843077
   0.282568
  0.0460928
1.60339e-06
3.16027e-06
6.33536e-06
1.28583e-05
2.63025e-05
5.40648e-05
0.000111211
0.000228335
0.000466737
0.000947185
  0.0490623
  0.0266287
 0.00190293
  0.0885249
  0.0141482
 0.00377513
 0.00737281
     0.1576
4.86201e-08
8.23692e-08
 3.0212e-08
 1.4185e-07
    0.28648
   0.539367
   0.760174
 0.00112663
0.000541076
 0.00231397
0.000256889
0.000120694
 0.00467959
 5.6187e-05
2.59376e-05
1.18772e-05
  0.0092863
5.39853e-06
   0.207321
2.43645e-06
1.09219e-06
4.86481e-07
1.91526e-08
2.15488e-07
9.51692e-08
1.21252e-08
4.22937e-08
8.43504e-09
1.95337e-08
7.59573e-09
1.03483e-08
    0.01803
4.07792e-07
   0.114179
7.37413e-07
  0.0341404
1.36924e-06
2.60583e-06
  0.0630079
5.06735e-06
 1.0038e-05
8.33917e-08
2.01513e-05
4.08262e-05
8.31392e-05
0.000169473
0.000344915
0.000698521
3.12027e-08
  0.0371001
  0.0675504
 0.00140382
2.38031e-07
  0.0199865
   0.002791
  0.0105555
 0.00547134
5.13218e-08
   0.120236
 1.3997e-07
   0.542094
   0.383829
   0.209207
   0.392098
   0.753418
0.000789593
 0.00163288
0.000377054
 0.00332853
0.000178073
8.32914e-05
 0.00666939
3.86187e-05
1.77603e-05
 8.1055e-06
3.67256e-06
  0.0131005
1.65257e-06
 7.3877e-07
3.28336e-07
 1.4532e-07
6.44352e-08
2.92385e-08
1.45588e-08
    0.15421
9.37445e-09
9.11833e-09
  0.0251387
1.22694e-08
1.89728e-08
    0.28068
  0.0469926
1.16438e-06
6.49026e-07
  0.0856556
2.14688e-06
4.06004e-06
7.85106e-06
1.54573e-05
3.08542e-05
6.21284e-05
0.000125704
3.07133e-08
0.000254624
3.77133e-07
0.000514403
  0.0512109
 0.00103368
  0.0279464
 0.00205838
  0.0149571
 0.00405059
 0.00785153
  0.0921337
8.28299e-08
1.35623e-07
5.11896e-08
2.28219e-07
   0.160946
   0.540257
   0.287159
   0.756962
 0.00115814
0.000556602
 0.00237761
0.000264372
0.000124335
 0.00480475
5.79256e-05
2.67608e-05
  0.0095324
 1.2267e-05
5.58181e-06
2.52221e-06
1.13218e-06
5.05149e-07
  0.0185126
2.24322e-07
9.95886e-08
   0.543097
 4.4905e-08
2.16815e-08
 1.2891e-08
   0.208306
1.13097e-08
1.42884e-08
2.15477e-08
   0.035089
    0.11644
2.00802e-06
1.13672e-06
3.64455e-06
6.78557e-06
  0.0647257
3.44608e-08
1.29278e-05
2.51145e-05
6.64919e-07
4.95011e-05
9.85284e-05
0.000197102
0.000394821
0.000788913
  0.0394279
  0.0711541
 0.00156694
5.64093e-08
  0.0214305
 0.00308126
   0.011427
 0.00598201
4.02087e-07
1.48737e-07
9.20103e-08
2.43909e-07
    0.38452
   0.126316
    0.21822
   0.395418
   0.756548
 0.00169427
0.000820153
0.000392057
 0.00345075
0.000185404
8.68126e-05
 0.00690995
4.02952e-05
1.85569e-05
8.48105e-06
  0.0135638
3.84862e-06
1.73474e-06
7.77074e-07
3.46276e-07
1.53993e-07
6.91006e-08
3.25058e-08
  0.0260294
 1.7901e-08
1.39361e-08
1.61587e-08
 2.3564e-08
   0.282263
  0.0487114
   0.157407
 3.7312e-08
3.36047e-06
6.03009e-06
1.92282e-06
1.11039e-05
2.09297e-05
4.02332e-05
1.13273e-06
  0.0886171
7.84975e-05
0.000154726
0.000306516
6.06523e-08
0.000607689
6.87136e-07
 0.00120158
  0.0551184
  0.0304422
 0.00235872
 0.00458078
  0.0164917
 0.00876777
  0.0980781
1.60976e-07
 9.9861e-08
2.60489e-07
4.25718e-07
    0.17351
   0.761349
   0.532606
   0.301199
    0.55276
 0.00121225
 0.00248514
0.000583566
0.000277633
 0.00501586
 0.00013071
6.09967e-05
 0.00994082
2.82281e-05
1.29603e-05
  5.908e-06
2.67493e-06
1.20342e-06
  0.0192941
5.38435e-07
2.40156e-07
1.07662e-07
 4.9906e-08
 2.6124e-08
1.84588e-08
1.96388e-08
  0.0365585
 2.7541e-08
4.30303e-08
   0.212807
5.87766e-06
3.40951e-06
1.03952e-05
1.88547e-05
  0.0675662
3.50177e-05
2.02923e-06
6.95081e-08
6.63873e-05
0.000127825
  0.0002487
   0.385317
1.23788e-06
   0.121113
0.000486541
0.000952499
1.13511e-07
 0.00185845
   0.752667
   0.043369
  0.0771736
7.69797e-07
  0.0035972
1.84142e-07
  0.0239159
 2.9613e-07
 0.00687769
 4.7796e-07
  0.0129421
   0.135982
   0.412496
   0.245643
  0.0017883
0.000867169
 0.00363563
0.000415346
0.000196744
 0.00726621
9.23038e-05
4.29305e-05
1.98079e-05
  0.0142454
9.07209e-06
4.12625e-06
1.86467e-06
8.37803e-07
3.74932e-07
1.68124e-07
    0.02731
7.71218e-08
3.86958e-08
2.48769e-08
2.39119e-08
3.18168e-08
  0.0511029
4.88551e-08
   0.287483
7.85086e-08
1.01538e-05
5.95803e-06
1.77326e-05
3.17602e-05
 3.5797e-06
5.82427e-05
0.000109022
   0.758963
2.19747e-06
0.000207373
1.27793e-07
 0.00039852
  0.0933672
0.000770117
1.37248e-06
 0.00148866
   0.164853
2.08537e-07
  0.0613329
 0.00286517
3.35446e-07
  0.0344247
5.38266e-07
8.64211e-07
 0.00546344
  0.0189844
  0.0102716
   0.107646
   0.536594
   0.190603
   0.758079
   0.542932
   0.361742
 0.00129087
 0.00264009
0.000622661
 0.00531549
0.000296898
0.000140097
6.55084e-05
  0.0105129
3.03883e-05
1.39858e-05
6.39218e-06
  0.0203714
2.90236e-06
1.30994e-06
5.88552e-07
2.64413e-07
1.20617e-07
5.87995e-08
3.50193e-08
  0.0385692
3.04383e-08
   0.393321
3.80609e-08
5.71237e-08
9.11317e-08
   0.071279
1.79003e-05
1.06354e-05
3.08435e-05
6.45457e-06
 5.4467e-05
1.47939e-07
9.84761e-05
3.99129e-06
0.000181785
0.000340986
2.50535e-06
0.000646388
2.40873e-07
 0.00123161
3.89311e-07
1.58478e-06
 0.00234677
6.23876e-07
9.97383e-07
   0.223927
  0.0494899
 0.00444726
   0.129182
  0.0867646
  0.0278516
 0.00833455
  0.0153747
   0.151158
   0.273585
   0.764425
   0.001918
0.000932527
 0.00388757
 0.00044768
0.000212607
 0.00774936
0.000100008
4.66395e-05
  0.0151547
2.15764e-05
9.91082e-06
4.52215e-06
2.05071e-06
9.25342e-07
  0.0290022
4.16827e-07
 1.8958e-07
  9.044e-08
5.04587e-08
3.95186e-08
   0.753579
4.57547e-08
  0.0542325
6.65605e-08
1.05211e-07
1.70312e-07
1.88632e-05
3.13962e-05
1.15574e-05
5.34337e-05
9.31289e-05
7.19994e-06
0.000166156
2.77129e-07
0.000302597
4.54288e-06
  0.0992024
0.000559893
 0.00104697
4.49901e-07
2.88687e-06
   0.303436
 0.00196743
7.22459e-07
1.15382e-06
 1.8343e-06
 0.00369341
   0.545326
  0.0706759
 0.00688558
  0.0405701
   0.122683
  0.0126637
   0.022871
   0.179488
   0.213701
   0.531858
    0.38993
 0.00139671
   0.002848
0.000675878
 0.00571609
0.000323117
0.000152915
   0.011268
7.17184e-05
3.33729e-05
1.54098e-05
  0.0217767
7.06757e-06
 3.2211e-06
1.46025e-06
6.60115e-07
3.00081e-07
    0.41084
1.41126e-07
  0.0411775
7.48467e-08
5.32085e-08
5.64686e-08
7.88903e-08
1.23057e-07
  0.0761133
 1.9838e-07
3.37336e-05
2.08704e-05
5.55039e-05
3.22524e-07
9.32847e-05
 1.3097e-05
0.000160408
0.000282289
8.31016e-06
 0.00050683
5.23781e-07
5.30564e-06
0.000924322
8.44594e-07
 0.00170383
3.38866e-06
1.35078e-06
2.14764e-06
 0.00315367
   0.138273
   0.005827
   0.100773
  0.0588906
  0.0106641
     0.7606
  0.0338911
  0.0192085
   0.174714
   0.252915
   0.303165
   0.757759
 0.00208883
 0.00101922
 0.00421828
0.000490898
 0.00837637
  0.0002339
0.000110362
  0.0163197
 5.1647e-05
2.39825e-05
1.10589e-05
5.06653e-06
  0.0311523
2.30829e-06
1.04779e-06
 4.7681e-07
2.22147e-07
1.13247e-07
7.36498e-08
7.08965e-08
  0.0582548
9.39906e-08
1.43885e-07
2.30746e-07
3.74517e-07
 6.0089e-05
3.75245e-05
9.78122e-05
2.37273e-05
0.000162396
6.08592e-07
 1.5141e-05
    0.10669
0.000275679
0.000478571
9.71338e-06
9.84787e-07
0.000847234
   0.548121
6.23203e-06
   0.555086
1.57935e-06
 0.00152307
2.51572e-06
 3.9785e-06
  0.0027668
 0.00504423
   0.143336
 0.00916199
  0.0850562
  0.0498109
  0.0164387
   0.193814
  0.0289455
    0.25047
    0.36481
   0.419139
   0.772034
 0.00311954
 0.00153596
0.000745987
 0.00623368
0.000357922
   0.012236
0.000170064
8.00489e-05
 3.7398e-05
   0.023543
1.73398e-05
7.98868e-06
3.65876e-06
1.66852e-06
7.61083e-07
  0.0444117
3.52735e-07
1.74688e-07
1.05241e-07
9.15164e-08
1.13706e-07
1.69765e-07
2.69878e-07
  0.0823234
4.37096e-07
7.09801e-07
6.75495e-05
0.000107202
4.30533e-05
0.000172566
2.76343e-05
0.000283117
1.15022e-06
1.78105e-05
0.000474259
0.000811895
1.85168e-06
1.14834e-05
 0.00141635
2.95759e-06
7.36789e-06
4.68822e-06
 0.00250891
   0.149938
 0.00448917
 0.00805439
   0.203781
   0.122801
  0.0143683
  0.0726382
  0.0252386
  0.0433282
    0.27454
   0.756554
   0.373435
   0.529101
 0.00231028
 0.00464515
 0.00113221
0.000547688
 0.00917929
0.000261962
  0.0177901
0.000124158
5.83451e-05
2.72196e-05
  0.0338038
1.26118e-05
5.80827e-06
2.66223e-06
1.21851e-06
 5.6344e-07
2.73281e-07
1.54517e-07
  0.0630915
1.21301e-07
1.39378e-07
2.01135e-07
3.16331e-07
5.09829e-07
   0.549358
8.27448e-07
   0.116521
   0.288618
0.000121145
7.77733e-05
1.34139e-06
0.000190441
5.02326e-05
0.000303445
3.25508e-05
0.000491759
2.16605e-06
2.10786e-05
0.000813041
3.47004e-06
1.35972e-05
 0.00137166
5.51719e-06
8.70458e-06
 0.00235781
 0.00411475
   0.766369
 0.00725077
    0.10499
   0.211602
   0.012804
    0.17803
   0.022387
   0.388399
   0.064252
  0.0384581
 0.00171638
  0.0034693
0.000837588
 0.00689695
0.000403715
  0.0134592
0.000192662
9.11473e-05
  0.0257411
4.27822e-05
 1.9944e-05
9.23906e-06
   0.048319
4.25779e-06
1.95706e-06
9.04874e-07
4.32811e-07
2.32744e-07
1.65851e-07
1.74237e-07
  0.0895385
2.40589e-07
3.72325e-07
5.96878e-07
9.66787e-07
1.56678e-06
0.000140173
0.000216655
9.11179e-05
0.000337391
2.53203e-06
5.93451e-05
0.000531735
 3.8609e-05
4.06975e-06
0.000851319
2.50282e-05
6.48993e-06
 0.00138861
1.61128e-05
1.02705e-05
 0.00230809
   0.166191
 0.00390791
  0.0067172
   0.150519
  0.0116582
   0.755177
  0.0202248
   0.262963
  0.0346757
  0.0943726
   0.296798
   0.058147
   0.531692
    0.38914
    0.55627
   0.773918
 0.00259657
 0.00127913
 0.00519174
0.000621853
  0.0101962
0.000299053
  0.0196358
0.000142457
6.72998e-05
  0.0370539
3.15743e-05
1.47171e-05
  6.821e-06
3.15085e-06
  0.0688018
1.45935e-06
6.91851e-07
3.57954e-07
2.33753e-07
2.22448e-07
2.90556e-07
 4.4007e-07
7.00106e-07
   0.127232
1.12975e-06
1.82895e-06
2.95666e-06
0.000251455
0.000164473
 0.00038558
 0.00010769
4.75894e-06
0.000594778
   0.214459
7.04208e-05
0.000927047
7.61477e-06
4.58954e-05
1.20945e-05
 0.00146532
2.96966e-05
1.90457e-05
  0.0023558
   0.410915
 0.00385453
 0.00642571
  0.0108812
  0.0185995
  0.0316736
     0.1374
   0.240027
  0.0533239
  0.0870702
 0.00195047
 0.00391888
0.000957002
 0.00774299
0.000464021
  0.0150043
0.000222721
  0.0284891
0.000105959
5.00401e-05
  0.0530375
 2.3476e-05
1.09477e-05
5.08444e-06
2.36186e-06
1.11461e-06
  0.0976934
 5.6059e-07
3.39596e-07
2.91735e-07
3.55616e-07
5.23211e-07
8.23963e-07
1.32387e-06
2.13786e-06
   0.303288
3.45336e-06
   0.181651
5.56327e-06
0.000295427
0.000448724
0.000194486
 0.00068233
0.000127894
8.91634e-06
 0.00104231
8.37533e-05
   0.770932
1.42063e-05
  0.0016063
5.44976e-05
2.24517e-05
3.51561e-05
   0.397386
 0.00250528
 0.00396412
 0.00638116
  0.0104744
   0.760419
  0.0174824
   0.199123
  0.0294034
  0.0492578
   0.129275
  0.0814191
   0.553073
    0.35619
   0.541208
   0.002968
 0.00147109
 0.00589372
0.000719588
  0.0114922
0.000348113
  0.0219597
0.000166891
  0.0410903
7.93663e-05
3.74908e-05
1.75963e-05
  0.0755036
8.21904e-06
3.83418e-06
1.80609e-06
8.90634e-07
5.07394e-07
   0.138513
3.93635e-07
4.42128e-07
 6.2663e-07
9.72792e-07
 1.5537e-06
2.50091e-06
 4.0313e-06
6.49228e-06
1.04201e-05
 0.00052773
0.000349444
 0.00079526
0.000230952
 0.00119839
 1.6638e-05
 0.00015205
 0.00181295
9.94661e-05
2.63731e-05
6.45711e-05
4.14889e-05
   0.262447
 0.00276106
 0.00424074
 0.00659833
  0.0104487
  0.0168889
   0.288592
  0.0277943
  0.0458981
   0.191436
  0.0761633
   0.123627
   0.785773
 0.00225628
  0.0011146
 0.00450187
 0.00882669
0.000544124
  0.0169704
0.000262914
  0.0319324
0.000125996
5.99163e-05
  0.0588868
2.83165e-05
1.33097e-05
   0.106915
6.23947e-06
   0.415403
2.94093e-06
 1.4314e-06
  7.769e-07
5.48134e-07
5.61141e-07
7.57325e-07
   0.196638
1.15361e-06
1.82832e-06
2.93183e-06
4.71481e-06
   0.558836
7.58196e-06
   0.758952
1.21622e-05
0.000623637
1.94432e-05
0.000414283
  0.0009358
 0.00139917
  0.0002742
3.09002e-05
 0.00208905
0.000180514
4.87549e-05
0.000117908
 7.6193e-05
  0.0031279
 0.00470062
 0.00709669
  0.0108446
  0.0168935
   0.523983
  0.0269171
  0.0436002
  0.0710828
   0.285048
   0.378017
   0.117283
    0.18778
 0.00172445
   0.003453
0.000849507
 0.00680431
0.000414072
   0.013157
  0.0249052
 0.00020004
   0.782991
  0.0461456
9.58617e-05
 4.5621e-05
  0.0839385
2.15851e-05
1.01736e-05
   0.150818
4.80665e-06
2.32116e-06
 1.2146e-06
7.87461e-07
7.29067e-07
9.25824e-07
1.37534e-06
2.15845e-06
  3.446e-06
5.52361e-06
   0.278382
8.85652e-06
1.41896e-05
2.26841e-05
0.000738525
 0.00110479
0.000491281
3.60953e-05
 0.00164494
 0.00243898
0.000325442
5.71194e-05
 0.00021377
 0.00360946
   0.424499
8.95887e-05
 0.00013915
 0.00534527
 0.00790183
  0.0175581
  0.0268964
  0.0117075
  0.0423207
  0.0670896
   0.109526
   0.290301
   0.180834
   0.595015
 0.00266123
 0.00132525
 0.00526654
0.000651844
  0.0102373
0.000317564
  0.0194903
0.000153384
  0.0363225
7.35429e-05
   0.066255
 3.5039e-05
   0.119148
1.66181e-05
7.88033e-06
3.79058e-06
 1.9323e-06
   0.211586
1.16586e-06
   0.757653
9.73641e-07
1.14788e-06
1.65027e-06
2.55829e-06
4.05715e-06
6.47814e-06
1.03629e-05
1.65657e-05
   0.547297
2.64485e-05
4.20942e-05
   0.799198
0.000873622
 0.00130554
 0.00194064
0.000581899
 0.00286459
6.66828e-05
 0.00420942
0.000385018
0.000104922
0.000252359
0.000163545
 0.00617518
   0.396417
 0.00902839
  0.0279629
  0.0189766
  0.0130853
  0.0422837
  0.0654197
   0.102369
   0.463293
   0.168292
   0.280408
 0.00206333
 0.00409686
 0.00102523
 0.00799957
0.000504081
  0.0153174
0.000245492
  0.0286909
0.000118606
  0.0526184
5.69316e-05
  0.0946039
2.71782e-05
1.29484e-05
6.22154e-06
    0.16884
3.11499e-06
1.77482e-06
 1.3413e-06
1.45007e-06
1.99615e-06
   0.296173
3.04242e-06
4.79306e-06
7.61939e-06
1.21436e-05
1.93648e-05
   0.748454
3.08453e-05
4.90293e-05
 7.7666e-05
 0.00154071
 0.00103237
 0.00228861
 0.00337253
 0.00493264
0.000687463
0.000122446
0.000453784
 0.00718902
0.000191515
0.000296423
  0.0104508
  0.0436736
  0.0301866
  0.0150146
  0.0212697
  0.0980682
   0.065499
   0.835342
   0.155633
   0.447526
   0.258009
 0.00161057
 0.00320484
0.000799247
  0.0062838
0.000392762
  0.0120914
  0.0227747
0.000191378
  0.0419443
9.25562e-05
  0.0757753
4.44859e-05
2.13107e-05
   0.134689
1.02549e-05
    0.76292
5.07499e-06
2.76558e-06
1.90745e-06
1.87187e-06
2.43989e-06
3.63693e-06
   0.240492
5.67779e-06
8.98119e-06
   0.560432
1.42628e-05
2.26646e-05
   0.415224
    3.6e-05
5.71146e-05
9.03848e-05
  0.0018144
 0.00269324
0.000142539
 0.00121671
 0.00396789
 0.00578877
 0.00839083
0.000809358
0.000223393
0.000532902
0.000346969
  0.0121293
   0.047082
  0.0674873
  0.0174625
   0.146315
  0.0337743
   0.742474
  0.0245137
    0.09959
   0.864257
   0.235695
   0.388708
 0.00252409
 0.00126599
 0.00496431
0.000628001
 0.00959624
0.000308641
  0.0181706
0.000150438
  0.0336323
  0.0609096
7.28474e-05
3.51111e-05
   0.108731
1.69467e-05
8.33428e-06
4.39623e-06
   0.192098
2.80025e-06
2.48128e-06
3.02154e-06
 4.3721e-06
6.74197e-06
1.06106e-05
1.67833e-05
2.65855e-05
 4.2088e-05
    0.34762
6.65459e-05
0.000105106
0.000165628
  0.0031604
 0.00213187
 0.00466003
 0.00142966
 0.00979849
0.000259847
 0.00679392
  0.0140888
0.000949096
 0.00040454
0.000623302
  0.0716842
   0.144157
  0.0202705
  0.0524752
   0.103156
   0.028696
   0.218855
   0.592129
  0.0390958
     0.8556
    0.35538
   0.761264
 0.00200197
 0.00394652
 0.00100308
 0.00765842
0.000497475
  0.0145767
0.000244486
  0.0271166
0.000119285
  0.0493073
5.78901e-05
   0.087943
2.80617e-05
    0.52781
1.37611e-05
   0.156252
7.09515e-06
4.23374e-06
3.38765e-06
3.80531e-06
5.29389e-06
8.04233e-06
   0.276539
1.25653e-05
1.97973e-05
3.12331e-05
4.92722e-05
7.76707e-05
 0.00012232
0.000192321
 0.00369782
 0.00545095
0.000301544
 0.00249696
  0.0163412
 0.00795688
  0.0114539
 0.00167245
 0.00047013
 0.00110819
0.000725863
   0.023326
   0.211935
   0.109209
  0.0797377
   0.534744
  0.0334636
  0.0605208
  0.0461129
   0.155778
   0.328483
   0.805063
 0.00315778
 0.00159926
 0.00614782
0.000800669
  0.0117577
0.000397019
  0.0220007
0.000195257
  0.0401671
9.54284e-05
  0.0717807
4.65036e-05
   0.126649
2.28138e-05
1.15884e-05
6.57108e-06
4.77921e-06
   0.407611
4.89112e-06
   0.226939
6.47403e-06
9.63178e-06
1.49266e-05
2.33874e-05
3.67798e-05
5.78196e-05
9.08202e-05
0.000142562
0.000223358
   0.214831
0.000349567
 0.00634208
  0.0043102
 0.00291193
   0.117583
0.000544958
  0.0092913
  0.0268473
  0.0189651
  0.0133787
 0.00194873
0.000843206
 0.00129009
   0.532827
  0.0383411
   0.320237
  0.0915508
   0.760764
   0.166836
   0.054427
   0.072285
   0.802786
  0.0025436
 0.00496483
 0.00128643
 0.00953799
   0.570441
0.000643706
0.000319325
  0.0179495
0.000157212
  0.0329625
7.70991e-05
   0.059034
   0.104039
3.79137e-05
   0.182921
1.90933e-05
1.04206e-05
6.96512e-06
   0.500844
6.44904e-06
8.01118e-06
1.15999e-05
   0.339094
1.77721e-05
2.77011e-05
4.33825e-05
6.79466e-05
0.000106417
0.000166367
    0.31872
 0.00025983
0.000405129
 0.00735292
 0.00500571
0.000630626
  0.0107789
  0.0308528
   0.043441
 0.00338584
0.000976707
  0.0156089
  0.0220745
 0.00226366
 0.00149695
   0.177761
    0.13615
  0.0625659
   0.810865
   0.109032
  0.0868022
   0.257196
   0.498765
 0.00403364
 0.00206202
 0.00777655
 0.00104174
  0.0147215
0.000521223
0.000258757
  0.0272123
 0.00012776
  0.0489943
6.30949e-05
  0.0861528
   0.267458
   0.150748
3.16367e-05
1.68145e-05
   0.325257
1.04698e-05
8.76226e-06
1.00733e-05
 1.4063e-05
 2.1237e-05
3.28784e-05
5.12655e-05
 8.0003e-05
0.000124822
 0.00019452
   0.511953
0.000302672
   0.194092
 0.00047003
  0.0124014
 0.00072928
 0.00848906
  0.0493584
  0.0057966
 0.00112895
   0.809408
  0.0181007
  0.0355584
 0.00392152
 0.00173357
   0.768082
   0.025715
 0.00262471
  0.0704042
    0.49902
   0.162551
   0.276093
   0.101334
 0.00329446
 0.00637291
 0.00168141
   0.135976
  0.0121233
0.000848819
0.000424998
  0.0225804
0.000211402
0.000104993
  0.0409473
    0.21993
5.26277e-05
   0.125146
  0.0722781
   0.393423
2.74823e-05
1.61863e-05
1.22899e-05
1.29272e-05
1.72058e-05
2.54691e-05
3.91104e-05
6.06886e-05
   0.816531
9.43938e-05
0.000146649
0.000227656
   0.500537
0.000353018
0.000546238
0.000843816
   0.014203
   0.077534
 0.00977202
  0.0207377
 0.00130264
  0.0561382
  0.0066952
   0.299147
 0.00200306
 0.00453706
  0.0299046
 0.00303908
  0.0413801
    0.24147
   0.115319
   0.469316
   0.203141
   0.813234
 0.00524327
 0.00270407
  0.0100188
 0.00137845
 0.00069618
  0.0187965
   0.163093
0.000349227
  0.0343998
 0.00017457
   0.324322
8.76967e-05
   0.181582
  0.0610936
4.53316e-05
   0.105902
2.56201e-05
1.78365e-05
1.70162e-05
   0.450124
   0.765311
2.13059e-05
3.07098e-05
   0.573495
4.66417e-05
7.20004e-05
0.000111538
0.000172657
0.000267046
   0.328455
0.000412436
0.000635459
0.000976979
  0.0234643
   0.016222
 0.00150209
   0.821002
  0.0870321
  0.0112452
 0.00230634
   0.123888
  0.0343213
  0.0645621
 0.00772378
 0.00351217
 0.00525064
   0.048302
   0.307346
   0.479072
   0.821052
   0.194644
 0.00432941
 0.00830314
 0.00222947
  0.0156688
  0.0011367
0.000575206
   0.028952
0.000289765
   0.263684
0.000146231
  0.0520206
7.52252e-05
4.13035e-05
   0.154668
  0.0904571
2.67336e-05
2.30755e-05
   0.264291
2.68134e-05
   0.489319
3.72644e-05
5.57734e-05
8.55689e-05
0.000131985
0.000203577
0.000313682
0.000482562
   0.811513
0.000740668
   0.131595
 0.00113365
  0.0265526
 0.00173231
  0.0385826
  0.0185197
 0.00264961
  0.0986569
  0.0129236
 0.00404299
 0.00891317
 0.00607014
  0.0559893
   0.508379
  0.0760305
    0.20306
   0.377074
   0.813924
 0.00689603
  0.0035893
  0.0130783
 0.00184857
   0.467529
    0.38444
  0.0243546
0.000944247
0.000479624
0.000243588
  0.0443164
   0.763395
0.000125302
6.74877e-05
   0.226069
  0.0781265
4.12507e-05
   0.133065
3.23457e-05
   0.348744
3.44444e-05
4.56662e-05
6.69883e-05
0.000101856
0.000156461
 0.00024046
0.000369027
0.000565441
0.000864605
   0.813319
 0.00131766
   0.042867
 0.00200179
  0.0299819
 0.00304182
   0.206214
    0.14832
 0.00463276
   0.021196
  0.0631218
  0.0148633
   0.114896
  0.0069969
  0.0103175
   0.529942
  0.0895938
 0.00574527
   0.010921
 0.00298999
   0.573566
  0.0204626
   0.814364
 0.00154274
   0.344118
0.000791123
  0.0376165
0.000405118
   0.332569
0.000208958
0.000111366
  0.0674668
6.52255e-05
4.69428e-05
   0.194912
4.54586e-05
   0.116839
5.66692e-05
8.08361e-05
0.000121459
0.000185565
0.000284413
0.000434855
   0.214211
0.000663664
 0.00101078
 0.00153441
  0.0478626
 0.00231872
 0.00349737
   0.670317
  0.0696233
   0.033945
   0.637056
 0.00528701
    0.81705
   0.171788
 0.00801112
  0.0243075
   0.330299
  0.0171508
   0.011911
   0.102586
   0.776808
   0.140486
 0.00913701
   0.495714
 0.00480765
  0.0171732
 0.00250737
  0.0318021
 0.00129927
0.000671319
  0.0577435
 0.00034836
0.000184883
   0.821825
   0.285005
0.000105161
7.04246e-05
   0.102472
6.18694e-05
7.16189e-05
9.83133e-05
   0.174784
 0.00014533
0.000220461
0.000336449
0.000513067
   0.582308
0.000779821
 0.00118285
  0.0752532
  0.0017891
 0.00269246
   0.331717
 0.00402971
  0.0534358
 0.00603921
   0.255408
 0.00910572
   0.114429
  0.0388498
   0.834989
  0.0279512
  0.0136624
   0.209175
  0.0198719
   0.165742
  0.0144217
 0.00767522
 0.00404853
   0.026787
 0.00212237
   0.415074
   0.528641
  0.0490803
 0.00110804
0.000579658
0.000307901
0.000171948
  0.0882614
0.000108835
8.71667e-05
 9.2621e-05
   0.349432
0.000120947
   0.156658
0.000174684
0.000262121
   0.263243
0.000398289
   0.874902
0.000605806
   0.771982
0.000917664
 0.00138631
 0.00208929
  0.0829943
   0.120856
 0.00313277
 0.00466288
 0.00691599
  0.0103074
  0.0602309
   0.589679
  0.0155196
   0.514987
    0.31608
  0.0446491
  0.0322214
  0.0228667
   0.193722
   0.859263
   0.012157
  0.0225587
 0.00649254
 0.00344418
  0.0414433
 0.00181982
   0.268468
0.000961274
  0.0752312
0.000513155
0.000283737
0.000172449
0.000127195
   0.134672
0.000123183
0.000151084
0.000211391
   0.400812
0.000312678
 0.00047197
   0.126135
   0.245138
0.000715307
 0.00108067
 0.00162627
 0.00244002
   0.819771
 0.00365032
 0.00541044
  0.0920512
   0.529211
 0.00795149
  0.0117029
   0.199282
  0.0174404
   0.380326
  0.0696334
  0.0260571
  0.0513542
   0.479364
  0.0373996
  0.0190875
  0.0103257
  0.0349626
 0.00554897
 0.00297026
   0.816204
  0.0635735
   0.347946
 0.00158738
   0.604507
0.000853992
   0.783892
0.000470963
0.000278367
   0.114605
0.000191894
0.000169328
0.000192604
   0.206276
0.000258427
0.000374699
0.000559786
0.000844528
 0.00127209
   0.402575
 0.00190825
   0.199776
 0.00285212
    0.13946
 0.00425277
 0.00629369
 0.00919269
  0.0133466
    0.53259
  0.0195188
   0.104478
   0.815393
  0.0292273
  0.0806275
    0.33976
  0.0588079
    0.04291
  0.0162724
  0.0296607
 0.00886917
   0.053613
 0.00481254
 0.00260589
 0.00141673
  0.0966622
 0.00078349
0.000455408
0.000298033
   0.203828
  0.0002411
   0.173332
 0.00025184
0.000320252
    0.31628
0.000451747
   0.817158
0.000665797
   0.670875
 0.00099725
   0.717736
 0.00149828
   0.637091
 0.00223943
  0.0033318
  0.0049474
  0.0073225
   0.156853
  0.0153316
  0.0106734
  0.0220376
   0.323682
  0.0323491
   0.853772
   0.124509
  0.0916622
  0.0484034
   0.821103
  0.0254005
  0.0140436
  0.0456225
 0.00773182
  0.0689262
  0.0813119
 0.00424976
 0.00233927
 0.00130243
0.000751521
   0.578053
   0.145614
 0.00047383
   0.469572
0.000355355
0.000339668
0.000404224
0.000549812
0.000795113
    0.25996
   0.321369
  0.0011794
 0.00176341
 0.00262985
  0.0038948
 0.00575174
   0.833519
   0.236994
 0.00849541
  0.0250878
   0.012419
  0.0357351
   0.017763
   0.182816
   0.053332
   0.523418
   0.104326
    0.14261
   0.022023
  0.0392263
  0.0123116
  0.0694578
 0.00687182
  0.0787692
 0.00383785
   0.618388
   0.332581
   0.873827
   0.121956
 0.00215914
 0.00124504
   0.814391
0.000766249
 0.00054096
0.000473769
   0.217232
0.000522424
0.000677805
0.000956237
 0.00139895
 0.00207668
    0.38323
 0.00308703
 0.00455673
 0.00668668
 0.00980866
  0.0402814
  0.0144119
   0.507361
  0.0288477
  0.0206703
   0.281036
   0.057849
    0.85741
   0.160685
  0.0341734
  0.0599769
  0.0194111
  0.0874415
   0.221472
  0.0110117
    0.10488
 0.00624616
 0.00355881
   0.125658
 0.00206355
   0.180632
 0.00125285
0.000845199
     0.8185
0.000684398
0.000694393
0.000849796
 0.00115989
 0.00166544
   0.515543
  0.0024469
   0.323879
 0.00362473
  0.0053352
 0.00777726
   0.546484
  0.0113159
  0.0632438
  0.0165682
   0.309847
  0.0458696
  0.0240532
  0.0336336
   0.449351
  0.0937154
   0.814403
   0.778161
     0.1799
  0.0524852
  0.0302871
  0.0910451
  0.0174607
   0.254548
  0.0100744
 0.00582594
   0.142839
   0.157967
 0.00340914
 0.00206189
   0.262713
 0.00134703
 0.00102128
 0.00095346
  0.0010888
 0.00142396
 0.00199656
 0.00289164
   0.473655
 0.00424981
  0.0062491
  0.0130704
 0.00907581
  0.0188862
   0.812502
  0.0716001
   0.490533
   0.100295
  0.0276884
  0.0530222
  0.0393302
   0.278083
  0.0467154
  0.0798859
  0.0274043
   0.152586
  0.0160694
   0.138141
 0.00945046
   0.812442
 0.00559839
   0.378229
   0.417725
    0.50944
 0.00339517
 0.00217637
 0.00156698
 0.00135365
 0.00143226
   0.238402
 0.00177648
 0.00241469
 0.00343089
  0.0049845
   0.784257
   0.233237
   0.108563
 0.00731129
  0.0216015
   0.015145
  0.0106045
  0.0312785
   0.081967
   0.300007
  0.0456237
   0.811255
   0.161333
  0.0627027
  0.0713109
  0.0425513
   0.121025
  0.0253512
   0.462559
   0.015166
   0.541637
 0.00911697
   0.212735
 0.00557488
   0.251868
  0.0035436
 0.00245565
 0.00198276
   0.811332
 0.00194087
  0.0022619
 0.00295484
  0.0040976
 0.00585656
   0.352826
 0.00852601
   0.780225
  0.0350957
  0.0248096
  0.0123978
  0.0176628
   0.170763
   0.125135
  0.0514457
  0.0959692
   0.483691
  0.0737784
   0.107855
  0.0653482
   0.812421
  0.0395627
   0.266278
   0.184426
  0.0240255
  0.0146911
 0.00907995
 0.00577932
 0.00390848
 0.00298413
   0.462911
 0.00271276
   0.183457
 0.00295129
 0.00691243
 0.00367447
 0.00494185
   0.519286
 0.00991312
  0.0399089
   0.810103
  0.0144363
  0.0287006
  0.0569459
  0.0206436
   0.780595
   0.339534
   0.431522
   0.145882
   0.277317
  0.0838316
   0.162394
  0.0994284
   0.117062
  0.0610944
  0.0376081
   0.810472
  0.0233761
   0.289252
  0.0146548
 0.00938673
 0.00627741
 0.00459038
 0.00390389
   0.456284
 0.00395564
  0.0115641
 0.00465579
 0.00822973
 0.00603831
  0.0628287
  0.0166648
   0.293575
  0.0457191
  0.0240925
  0.0336125
   0.222735
   0.786239
  0.0924495
   0.811238
    0.51699
   0.175693
   0.245738
   0.150457
  0.0934679
   0.135073
  0.0582633
   0.467005
  0.0366329
  0.0233601
  0.0151028
   0.315803
   0.811978
  0.0100966
 0.00717293
 0.00576133
  0.0054479
  0.0060272
  0.0135767
  0.0191273
 0.00991395
 0.00748774
  0.0714871
   0.100029
  0.0277987
  0.0530151
  0.0393948
   0.788603
   0.480269
   0.272598
   0.810407
   0.150771
   0.228399
   0.142127
   0.380878
   0.497526
  0.0894613
  0.0566745
    0.21561
  0.0367021
  0.0240252
  0.0161604
 0.00867789
  0.0113279
 0.00769641
   0.108684
 0.00799276
  0.0221456
   0.810794
  0.0161135
 0.00943855
  0.0120947
  0.0315266
   0.502468
  0.0821063
  0.0457696
   0.161436
  0.0628404
   0.305225
   0.440507
   0.351412
   0.216087
   0.136684
    0.78686
  0.0870034
   0.810707
  0.0565923
   0.248457
  0.0377402
  0.0255317
   0.013285
  0.0111147
  0.0179271
  0.0108335
  0.0356144
  0.0258761
   0.171561
  0.0121167
   0.125615
  0.0194261
  0.0149602
  0.0517095
   0.469963
   0.096182
   0.549579
   0.810329
  0.0740164
   0.331147
   0.267296
   0.208955
   0.133024
   0.086295
   0.785319
  0.0583234
  0.0398706
   0.184698
   0.810897
  0.0163589
  0.0205883
   0.413657
  0.0281637
  0.0149982
   0.506077
  0.0410176
  0.0158484
  0.0574428
  0.0306827
  0.0187341
  0.0237092
   0.146441
   0.279187
   0.509116
  0.0841565
   0.117347
   0.810347
   0.322066
   0.203983
   0.131419
  0.0880257
   0.457154
  0.0614898
  0.0244524
  0.0434481
  0.0211454
  0.0638079
   0.295914
  0.0319813
  0.0210857
  0.0478136
  0.0237444
   0.810546
   0.224177
  0.0371397
  0.0292151
   0.796003
   0.092934
   0.175957
   0.500266
   0.135571
   0.469501
   0.200933
   0.315879
   0.132166
    0.81192
   0.318361
  0.0933861
  0.0663729
  0.0303382
  0.0285837
  0.0371679
  0.0735744
   0.100904
  0.0492568
   0.791907
  0.0305685
  0.0567741
  0.0361242
  0.0453573
   0.483107
   0.273379
   0.809613
   0.151303
   0.495525
   0.200641
   0.312291
   0.216359
   0.137434
   0.797399
   0.810361
   0.110391
   0.100615
   0.044114
  0.0392159
  0.0736702
   0.505463
  0.0398415
  0.0858695
  0.0567116
  0.0449192
   0.162172
  0.0554122
    0.30578
  0.0694149
   0.442559
   0.309147
   0.810602
   0.203709
   0.492729
    0.24917
   0.794607
   0.151185
  0.0547226
   0.172982
   0.109998
  0.0528009
   0.129165
  0.0657935
   0.470537
  0.0569122
   0.810033
  0.0857417
   0.102587
  0.0669355
  0.0847667
   0.267969
   0.311797
   0.489594
   0.801353
     0.2162
   0.810809
   0.187112
   0.414548
   0.506891
  0.0770938
  0.0703052
   0.165401
   0.123414
  0.0726306
   0.152389
  0.0815531
   0.280133
  0.0991403
   0.100999
   0.798569
   0.810082
   0.128281
   0.487486
   0.319611
   0.457606
  0.0953703
   0.297622
   0.181463
   0.810483
   0.250037
  0.0944494
   0.113305
   0.229323
   0.804001
   0.102265
   0.118885
   0.184662
   0.148827
   0.501364
       0.47
   0.153067
   0.341917
   0.811801
   0.321122
   0.801435
   0.129311
   0.121975
   0.203005
   0.276819
   0.128248
   0.142359
   0.484151
   0.279887
   0.809468
   0.170917
   0.505124
   0.177841
   0.232247
   0.808644
   0.810504
   0.161946
   0.297661
   0.507143
   0.188152
   0.165552
    0.31531
   0.203274
   0.179912
   0.437259
   0.535004
   0.446516
   0.806668
   0.810666
   0.273679
   0.262593
   0.210916
   0.325741
   0.208354
   0.475044
   0.810385
   0.242426
   0.224729
   0.474317
   0.806986
   0.287318
   0.305036
   0.811317
   0.431952
   0.516054
   0.273866
   0.490069
   0.313118
   0.817635
   0.342208
   0.297713
    0.32167
   0.811288
   0.490814
   0.810874
   0.343982
   0.482543
   0.462284
   0.354838
   0.812264
   0.420437
   0.811428
   0.406178
   0.512461
   0.496793
   0.818179
   0.814229
   0.563141
   0.522371
   0.482502
   0.822417
   0.814425
   0.516275
   0.698341
   0.819256
   0.556954
    0.81862
   0.682559
   0.649861
    0.81888
   0.825525
   0.828428
   0.824041
   0.841366
   0.827203
    0.83618
   0.840312
   0.874789
   0.891586
