    0.44649
   0.258886
  0.0944042
  0.0332446
  0.0190154
  0.0116144
 0.00660619
 0.00402805
 0.00228176
 0.00138791
0.000783791
0.000475614
0.000268154
0.000162512
9.14682e-05
5.53908e-05
 3.1152e-05
1.88647e-05
1.06036e-05
6.42157e-06
3.61049e-06
2.18579e-06
1.22892e-06
7.44289e-07
4.18634e-07
2.53664e-07
1.42689e-07
8.65028e-08
4.86881e-08
2.95218e-08
1.66227e-08
1.00831e-08
5.67996e-09
3.44666e-09
1.94229e-09
1.17898e-09
6.64609e-10
4.03535e-10
2.27567e-10
1.38197e-10
7.79554e-11
4.73498e-11
2.67187e-11
1.62309e-11
9.17127e-12
5.58204e-12
3.16956e-12
1.95052e-12
1.14011e-12
7.43292e-13
 4.9499e-13
4.00395e-13
3.71008e-13
4.17674e-13
5.18189e-13
6.92579e-13
9.58814e-13
1.35212e-12
 3.0169e-12
6.81521e-12
1.60146e-11
3.92627e-11
6.30071e-11
1.04527e-10
1.66901e-10
2.79235e-10
4.46836e-10
7.54135e-10
1.21121e-09
 2.0595e-09
 3.3177e-09
5.67272e-09
9.16386e-09
1.57371e-08
2.54747e-08
4.39442e-08
7.12328e-08
1.23222e-07
2.00041e-07
3.46921e-07
5.63791e-07
9.79261e-07
 1.5927e-06
2.77046e-06
 4.5067e-06
7.84732e-06
2.22493e-05
  0.0888721
   0.152693
   0.416054
   0.681747
   0.153715
   0.054411
1.93566e-12
4.31012e-12
9.83624e-12
2.33835e-11
1.27691e-05
3.61908e-05
6.30821e-05
0.000102594
0.000178909
 0.00029096
0.000507435
0.000825778
 0.00144065
 0.00234582
 0.00409079
 0.00666092
  0.0115829
  0.0188343
  0.0325701
  0.0526955
   0.250287
   0.697923
 1.6986e-11
3.63094e-12
1.93258e-12
 3.7165e-11
7.70472e-12
1.01233e-12
  9.235e-11
   0.402602
5.75257e-13
4.70565e-06
1.38334e-05
1.60081e-06
4.40247e-13
5.45326e-07
2.36641e-10
4.06835e-05
1.85797e-07
6.33919e-08
0.000119546
2.16428e-08
7.39618e-09
6.29505e-13
2.52971e-09
8.65932e-10
0.000350925
 2.9663e-10
1.48767e-12
1.01685e-10
4.14844e-12
3.48842e-11
1.19894e-11
 0.00102727
6.20921e-10
 0.00299305
1.66095e-09
    0.13049
4.50623e-09
  0.0086798
1.23593e-08
3.41942e-08
9.51933e-08
  0.0252516
2.66489e-07
7.48824e-07
2.11173e-06
5.96442e-06
1.68665e-05
 0.00309078
 0.00108552
4.77068e-05
0.000382398
0.000135003
 0.00881808
  0.0745943
  0.0252098
   0.681352
   0.386004
   0.221487
  0.0722474
   0.218698
   0.678685
7.89818e-06
2.32295e-05
2.68678e-06
9.14855e-07
6.82936e-05
3.11693e-07
1.06258e-07
0.000200781
3.62739e-08
1.23924e-08
4.23748e-09
   0.042396
1.45022e-09
0.000589001
 4.9672e-10
1.70255e-10
8.31924e-13
5.84015e-11
2.00565e-11
5.17796e-13
6.91457e-12
5.03295e-13
2.42614e-12
9.31438e-13
1.55219e-12
1.52207e-10
6.12713e-11
 0.00172187
3.90795e-10
  0.0145188
   0.125682
 0.00500657
1.02834e-09
2.75595e-09
7.49027e-09
 2.0568e-08
5.69055e-08
1.58561e-07
4.43872e-07
1.24754e-06
3.51719e-06
9.93432e-06
 0.00515825
 0.00180868
2.80805e-05
  0.0147377
0.000636275
 7.9415e-05
0.000224598
  0.0420816
5.95597e-12
1.26244e-11
3.09196e-12
2.78011e-11
   0.124165
   0.382539
   0.684026
1.35769e-05
4.61657e-06
3.99352e-05
1.57138e-06
5.35199e-07
0.000117531
 1.8248e-07
6.22867e-08
 2.1277e-08
0.000345523
7.27588e-09
  0.0725912
2.49052e-09
8.53295e-10
2.92604e-10
1.71735e-12
1.00422e-10
3.45043e-11
9.65159e-13
1.18915e-11
6.54155e-13
4.15157e-12
7.45209e-13
1.54359e-12
 0.00101382
1.20307e-10
  0.0248671
2.91571e-10
 0.00296159
7.34342e-10
 1.9042e-09
 0.00859549
5.04334e-09
1.35813e-08
1.20817e-11
3.69992e-08
1.01738e-07
2.81878e-07
7.85231e-07
2.19878e-06
6.17792e-06
3.23381e-12
 0.00314571
 0.00900338
1.74011e-05
5.39778e-11
 0.00110647
4.90727e-05
0.000390924
0.000138397
6.24116e-12
  0.0255957
2.49935e-11
   0.380242
   0.213486
  0.0705079
   0.216407
   0.676969
8.00594e-06
2.35455e-05
2.72398e-06
 6.9293e-05
9.27456e-07
3.16123e-07
0.000203891
1.07873e-07
3.68492e-08
1.26006e-08
4.31332e-09
0.000599626
1.47794e-09
5.06883e-10
1.74014e-10
5.98032e-11
2.05967e-11
7.15071e-12
2.57983e-12
  0.0427226
 1.1058e-12
7.83104e-13
 0.00175899
1.01435e-12
1.73454e-12
   0.124104
 0.00513015
5.31208e-10
2.21222e-10
  0.0148271
1.32811e-09
3.42436e-09
9.03174e-09
2.42123e-08
6.57361e-08
1.80135e-07
4.97513e-07
3.20912e-12
1.38321e-06
9.85991e-11
 3.8642e-06
 0.00548828
1.08406e-05
 0.00192805
3.04723e-05
0.000681449
8.57752e-05
0.000241574
  0.0157117
1.17208e-11
  2.287e-11
6.22078e-12
4.73376e-11
  0.0436917
   0.382601
   0.124795
   0.679297
1.40529e-05
4.78008e-06
4.13449e-05
1.62717e-06
5.54788e-07
0.000121687
  1.893e-07
6.46677e-08
 0.00035816
2.21175e-08
7.57312e-09
2.59595e-09
8.90802e-10
   3.06e-10
 0.00105345
1.05233e-10
3.62581e-11
   0.381821
1.25694e-11
4.47766e-12
1.81057e-12
  0.0732313
1.11585e-12
1.29054e-12
2.11691e-12
 0.00309031
   0.025731
1.05999e-09
4.51083e-10
 2.6027e-09
6.60967e-09
 0.00898849
3.83467e-12
1.72138e-08
4.56854e-08
2.03865e-10
1.22909e-07
3.34217e-07
9.16455e-07
2.53215e-06
7.03965e-06
 0.00344652
 0.00978974
1.96645e-05
7.19161e-12
 0.00121973
5.50597e-05
0.000433642
0.000154458
 9.8572e-11
2.52993e-11
1.34923e-11
4.91922e-11
   0.214239
  0.0278694
   0.076097
   0.219707
   0.680252
2.47591e-05
8.42294e-06
2.86783e-06
7.28723e-05
9.77646e-07
3.33556e-07
0.000214594
1.13944e-07
3.89823e-08
 1.3351e-08
0.000631822
4.57803e-09
1.57158e-09
 5.4013e-10
1.85853e-10
6.40584e-11
2.21743e-11
7.81737e-12
  0.0018587
3.00088e-12
1.59313e-12
1.57701e-12
2.44059e-12
   0.125366
 0.00544826
  0.0443502
4.35732e-12
2.06683e-09
5.01246e-09
8.91578e-10
1.26017e-08
3.25384e-08
8.56764e-08
4.07356e-10
  0.0157443
2.28852e-07
6.18427e-07
 1.6863e-06
8.07446e-12
4.63442e-06
1.98374e-10
1.28318e-05
  0.0061599
 0.00218596
3.56989e-05
9.96493e-05
0.000779195
0.000278534
  0.0174365
2.81603e-11
1.52548e-11
5.28287e-11
1.02038e-10
  0.0497767
   0.685036
   0.374483
   0.135822
   0.393753
1.49875e-05
4.40625e-05
5.10473e-06
1.74024e-06
0.000129671
5.93791e-07
2.02956e-07
0.000381873
6.94599e-08
2.37962e-08
8.16379e-09
2.80438e-09
9.64528e-10
 0.00112514
3.32165e-10
1.14574e-10
3.96567e-11
1.39024e-11
5.17868e-12
2.47615e-12
2.12065e-12
 0.00330906
3.06965e-12
5.38624e-12
  0.0761222
4.25029e-09
 1.8687e-09
1.01375e-08
2.51133e-08
 0.00968763
6.40342e-08
8.68683e-10
9.90187e-12
1.66832e-07
4.41384e-07
1.18178e-06
   0.214881
4.28314e-10
  0.0276322
 3.1962e-06
8.72022e-06
1.84669e-11
2.39857e-05
   0.673769
 0.00398458
  0.0111655
2.22372e-10
6.63646e-05
3.42115e-11
 0.00142617
 6.2995e-11
0.000184244
1.17681e-10
0.000512236
  0.0315734
   0.236816
  0.0934726
2.67679e-05
9.11691e-06
7.87067e-05
 3.1095e-06
1.06157e-06
0.000231593
3.62907e-07
1.24232e-07
4.25839e-08
0.000682365
1.46173e-08
5.02425e-09
1.72932e-09
5.96042e-10
2.05757e-10
7.12278e-11
 0.00201047
2.48823e-11
9.05651e-12
3.95099e-12
2.87384e-12
3.78552e-12
 0.00591227
6.48786e-12
   0.129437
 1.1874e-11
8.69427e-09
3.88112e-09
2.04469e-08
5.00653e-08
1.83083e-09
 1.2635e-07
3.26031e-07
   0.681131
9.12917e-10
8.55191e-07
2.20655e-11
2.27006e-06
  0.0172644
6.09105e-06
4.77776e-10
1.64986e-05
  0.0481941
4.11741e-11
 0.00728193
4.50802e-05
7.55598e-11
 0.00261803
1.38963e-10
2.57891e-10
0.000123986
0.000945867
0.000342121
  0.0203426
   0.377112
  0.0584904
   0.687188
    0.38123
   0.185981
1.64152e-05
4.81712e-05
5.59984e-06
0.000141523
1.91307e-06
6.54227e-07
2.24047e-07
0.000416504
7.68682e-08
2.64001e-08
9.08163e-09
 0.00122776
3.12868e-09
 1.0794e-09
3.73005e-10
1.29217e-10
4.50643e-11
1.61743e-11
6.61159e-12
   0.003619
4.14752e-12
   0.222531
4.88332e-12
8.10128e-12
1.47395e-11
  0.0106298
1.83423e-08
8.32989e-09
4.24787e-08
 3.9934e-09
 1.0262e-07
2.73583e-11
2.56012e-07
2.01749e-09
6.53892e-07
 1.6981e-06
1.06537e-09
4.46486e-06
5.09483e-11
1.18641e-05
9.40834e-11
 5.7887e-10
3.18511e-05
1.72291e-10
3.16025e-10
  0.0833407
 0.00486526
8.63058e-05
  0.0309794
  0.0134909
 0.00177053
0.000235473
0.000644891
  0.0377859
   0.112548
   0.689087
2.96649e-05
1.01266e-05
8.70016e-05
3.46072e-06
1.18444e-06
0.000255595
4.05986e-07
1.39363e-07
0.000752376
4.78981e-08
1.64902e-08
5.68644e-09
1.96391e-09
6.79435e-10
 0.00221828
2.35574e-10
8.20994e-11
2.91826e-11
1.13596e-11
6.19827e-12
   0.676125
6.34407e-12
 0.00654155
1.00247e-11
1.80915e-11
3.35793e-11
1.78864e-08
3.88064e-08
8.70057e-09
8.86533e-08
2.11616e-07
4.44957e-09
5.22576e-07
6.26194e-11
 1.3221e-06
2.36893e-09
  0.0191989
3.40165e-06
 8.8635e-06
1.16488e-10
1.29458e-09
   0.142278
 2.3343e-05
2.13971e-10
3.91442e-10
7.14709e-10
6.20907e-05
   0.390208
 0.00908555
0.000166737
 0.00333045
  0.0252859
0.000450722
 0.00122236
  0.0559971
  0.0712111
   0.365632
   0.211307
1.84226e-05
5.39252e-05
6.30396e-06
0.000158043
2.15866e-06
7.40338e-07
0.000464061
2.54303e-07
8.75225e-08
3.01585e-08
 0.00136687
1.04108e-08
3.59983e-09
1.24697e-09
4.32875e-10
1.50893e-10
   0.240432
 5.3333e-11
 0.00403671
2.00769e-11
9.76442e-12
8.56465e-12
1.26457e-11
2.25155e-11
  0.0119097
4.17607e-11
  3.914e-08
1.93244e-08
8.36183e-08
7.80541e-11
1.88399e-07
1.00007e-08
4.44299e-07
1.08616e-06
5.36958e-09
2.72227e-06
1.45583e-10
2.95019e-09
6.94042e-06
2.69319e-10
1.79264e-05
1.63597e-09
4.94041e-10
9.02073e-10
4.67521e-05
  0.0349203
0.000123128
  0.0171792
 0.00633656
0.000326851
   0.681551
 0.00234064
0.000873582
  0.0483601
   0.103025
   0.134115
   0.681567
3.36644e-05
  1.153e-05
9.84154e-05
3.95214e-06
0.000288222
1.35689e-06
4.66413e-07
0.000846219
1.60652e-07
5.54215e-08
1.91541e-08
6.63134e-09
 0.00249445
2.30029e-09
 7.9965e-10
2.78939e-10
9.82773e-11
3.61524e-11
1.60222e-11
1.19192e-11
 0.00738846
1.60224e-11
2.78788e-11
5.16516e-11
9.67427e-11
8.59941e-08
4.30453e-08
1.81198e-07
2.25371e-08
4.02954e-07
1.81173e-10
1.21958e-08
  0.0218196
9.40018e-07
2.27649e-06
6.73429e-09
 3.3748e-10
5.65849e-06
   0.392294
3.74524e-09
   0.390584
6.22342e-10
 1.4314e-05
1.14068e-09
2.07715e-09
3.66831e-05
9.48601e-05
  0.0327666
0.000247093
  0.0121755
  0.0045068
0.000647447
   0.064065
 0.00170691
  0.0934969
    0.19455
   0.238701
   0.702849
6.18402e-05
2.12008e-05
7.27791e-06
0.000180538
2.50029e-06
0.000528332
8.60819e-07
2.96665e-07
1.02493e-07
 0.00155099
3.54576e-08
1.22945e-08
4.27109e-09
1.48712e-09
5.19343e-10
 0.00458202
1.82743e-10
6.62361e-11
2.73852e-11
1.73871e-11
 2.0713e-11
3.47971e-11
6.40976e-11
  0.0136436
1.20375e-10
 2.2616e-10
9.69387e-08
1.91169e-07
5.13527e-08
3.97146e-07
2.80039e-08
  8.724e-07
4.23456e-10
 1.5528e-08
2.01294e-06
  4.831e-06
7.86575e-10
8.66105e-09
1.19148e-05
1.44928e-09
4.81313e-09
2.65217e-09
2.99462e-05
  0.0403248
7.62488e-05
0.000195627
  0.0628334
  0.0237785
0.000503929
 0.00873721
 0.00130079
 0.00336837
   0.118759
   0.681581
   0.192493
   0.369138
3.91478e-05
0.000114033
1.34591e-05
 4.6314e-06
0.000332592
1.59525e-06
0.000972083
5.50668e-07
1.90386e-07
6.59742e-08
 0.00285608
2.29069e-08
7.97082e-09
2.78021e-09
9.72464e-10
3.42171e-10
 1.2287e-10
 4.8336e-11
 0.00846874
 2.6591e-11
2.73408e-11
4.35128e-11
7.94207e-11
1.49065e-10
   0.384584
2.81326e-10
  0.0254685
   0.119578
2.19368e-07
1.17397e-07
5.29203e-10
4.26989e-07
6.45138e-08
8.76148e-07
3.59409e-08
1.90091e-06
9.90294e-10
2.00766e-08
4.34208e-06
1.83556e-09
1.11787e-08
1.03273e-05
3.37774e-09
6.17562e-09
2.53058e-05
6.33048e-05
   0.689906
0.000160514
  0.0170213
  0.0749115
0.000409729
  0.0473269
 0.00104182
   0.217256
 0.00669754
 0.00264374
2.50141e-05
7.26824e-05
 8.6213e-06
0.000211302
2.97319e-06
0.000615229
1.02734e-06
3.55722e-07
 0.00179652
1.23411e-07
4.29208e-08
1.49618e-08
 0.00528714
5.22855e-09
1.83229e-09
6.45205e-10
2.30495e-10
8.76541e-11
4.28022e-11
3.73305e-11
   0.015794
5.50108e-11
9.85624e-11
1.84727e-10
3.49669e-10
 6.6101e-10
2.70336e-07
4.99947e-07
1.49658e-07
 9.6106e-07
 1.2436e-09
8.36774e-08
1.94672e-06
4.68063e-08
2.32291e-09
4.17474e-06
2.60774e-08
4.29972e-09
9.44038e-06
1.44249e-08
7.90419e-09
2.22632e-05
  0.0483174
5.42571e-05
 0.00013538
  0.0332475
0.000343042
   0.678752
 0.00087163
  0.0974407
 0.00219304
   0.013419
   0.136423
 0.00544626
   0.359319
    0.20399
   0.402251
    0.70025
4.66941e-05
1.61174e-05
0.000135427
5.56753e-06
0.000392994
1.92661e-06
 0.00114258
6.67886e-07
2.32004e-07
 0.00333543
8.08261e-08
2.82293e-08
9.88403e-09
3.47169e-09
  0.0098454
1.22432e-09
4.36247e-10
1.62209e-10
7.21769e-11
5.30552e-11
7.04809e-11
1.22638e-10
2.28624e-10
  0.0297359
4.32818e-10
8.21629e-10
1.55518e-09
6.25391e-07
3.48431e-07
1.14509e-06
1.95474e-07
2.92394e-09
2.17513e-06
  0.0649042
1.09489e-07
4.35169e-06
5.45422e-09
6.10284e-08
 1.0093e-08
9.22316e-06
3.37543e-08
1.85333e-08
2.06331e-05
   0.239838
4.82284e-05
0.000116998
0.000292049
0.000742215
 0.00188207
  0.0270449
  0.0932043
 0.00470347
  0.0113408
3.02753e-05
8.75833e-05
1.04743e-05
0.000253515
3.62962e-06
0.000734009
1.26016e-06
 0.00213045
4.38422e-07
1.52985e-07
 0.00621601
5.35428e-08
1.87899e-08
 6.6154e-09
2.33734e-09
8.32554e-10
  0.0184369
3.05202e-10
1.26826e-10
7.93068e-11
9.22862e-11
1.53568e-10
 2.8343e-10
5.35754e-10
1.01857e-09
   0.124952
 1.9371e-09
  0.0565153
3.66873e-09
8.15145e-07
1.45408e-06
4.58594e-07
2.63566e-06
2.57176e-07
6.89365e-09
4.94885e-06
1.43165e-07
   0.692012
1.28502e-08
9.78589e-06
7.91844e-08
2.37443e-08
4.35275e-08
   0.206569
2.05011e-05
4.53096e-05
0.000104957
0.000253821
   0.685754
0.000635938
  0.0547794
 0.00162494
 0.00414384
  0.0238272
  0.0102884
   0.377611
    0.18569
   0.382986
5.71399e-05
1.98023e-05
0.000164921
6.87074e-06
0.000476189
2.38821e-06
 0.00137631
8.32484e-07
 0.00398759
 2.9099e-07
1.02076e-07
3.59078e-08
  0.0116204
1.26723e-08
  4.489e-09
1.59986e-09
5.81735e-10
 2.3047e-10
  0.0346537
 1.2495e-10
1.24342e-10
1.94225e-10
3.52348e-10
6.62854e-10
1.25927e-09
2.39974e-09
4.57097e-09
8.66314e-09
1.91684e-06
  1.081e-06
3.39413e-06
6.05795e-07
6.08838e-06
1.62874e-08
3.36741e-07
1.13104e-05
1.86041e-07
3.03087e-08
1.02382e-07
5.59677e-08
   0.108903
2.21194e-05
4.57387e-05
9.98019e-05
0.000229127
0.000553002
   0.110883
  0.0013944
 0.00358062
  0.0504864
 0.00932089
   0.022906
   0.718592
 3.7585e-05
1.30635e-05
0.000108253
0.000311746
4.55011e-06
0.000898035
1.58839e-06
 0.00258799
5.56469e-07
1.95529e-07
 0.00748307
6.89728e-08
2.44103e-08
  0.0217329
8.67054e-09
   0.219639
3.09534e-09
1.12069e-09
4.29918e-10
2.07618e-10
1.74185e-10
2.49118e-10
  0.0652492
4.40567e-10
8.22337e-10
1.55801e-09
 2.9689e-09
   0.380781
 5.6721e-09
   0.684537
 1.0814e-08
 2.5579e-06
2.05142e-08
 1.4307e-06
4.52496e-06
7.96074e-06
7.93206e-07
3.85511e-08
1.41356e-05
4.37891e-07
7.16939e-08
2.41066e-07
 1.3194e-07
2.59872e-05
5.02611e-05
0.000102486
0.000220455
0.000501546
   0.362032
 0.00121017
 0.00306543
 0.00799418
   0.107676
   0.206576
   0.021353
  0.0517013
2.49642e-05
7.16816e-05
8.70397e-06
0.000205962
3.04451e-06
0.000591639
 0.00169861
1.06897e-06
   0.707845
 0.00488275
3.76633e-07
1.33197e-07
    0.01408
4.72782e-08
1.68398e-08
  0.0405585
6.02567e-09
2.17819e-09
8.18413e-10
3.61805e-10
2.55436e-10
3.25623e-10
5.55238e-10
1.02504e-09
1.93343e-09
3.67406e-09
   0.121327
7.01147e-09
1.34149e-08
2.56353e-08
3.39455e-06
6.07952e-06
1.87321e-06
4.86521e-08
1.07205e-05
1.87343e-05
1.03197e-06
9.14778e-08
5.67534e-07
3.29682e-05
   0.225119
 1.6974e-07
3.11622e-07
 6.0031e-05
0.000114631
0.000487998
 0.00109874
0.000230377
 0.00265463
 0.00668915
  0.0180712
   0.119098
  0.0495022
   0.418634
4.78863e-05
1.67369e-05
0.000137239
5.86351e-06
0.000393268
2.06309e-06
 0.00112557
7.28743e-07
 0.00322348
2.58484e-07
 0.00923032
9.20389e-08
  0.0265152
3.28943e-08
1.18024e-08
4.26696e-09
1.58327e-09
  0.0747622
6.56468e-10
   0.681954
3.94947e-10
4.36305e-10
7.06443e-10
1.28595e-09
 2.4074e-09
4.55335e-09
 8.6714e-09
1.65849e-08
   0.390755
3.18063e-08
6.08686e-08
   0.725889
4.43366e-06
8.07737e-06
1.45218e-05
2.43106e-06
2.55174e-05
1.15676e-07
4.42733e-05
1.33785e-06
2.17302e-07
7.36402e-07
4.02283e-07
7.72733e-05
    0.22472
0.000139357
 0.00108284
0.000518679
 0.00026247
 0.00242315
 0.00581099
  0.0147026
   0.279971
  0.0409918
   0.114092
3.23186e-05
9.22969e-05
1.13468e-05
0.000263745
4.00241e-06
0.000753218
1.41745e-06
  0.0021477
 5.0419e-07
 0.00613044
1.80163e-07
  0.0174655
6.46053e-08
 2.3249e-08
  8.414e-09
  0.0498753
3.09975e-09
1.23073e-09
6.45897e-10
6.04977e-10
9.09607e-10
   0.135874
1.62192e-09
3.01647e-09
5.67519e-09
1.07521e-08
2.05051e-08
   0.644898
3.92965e-08
7.54895e-08
1.44734e-07
1.05196e-05
 5.7349e-06
1.93183e-05
3.48161e-05
6.09561e-05
3.15129e-06
2.75531e-07
1.73874e-06
 0.00010517
5.17242e-07
9.54483e-07
0.000182092
 0.00240283
  0.0011706
  0.0003245
0.000602503
  0.0124235
 0.00537251
   0.775008
  0.0325391
   0.266952
  0.0915591
2.20707e-05
6.26885e-05
7.79891e-06
0.000178604
2.77058e-06
0.000508705
 0.00144667
9.89131e-07
 0.00410728
3.54609e-07
  0.0116831
1.27572e-07
4.60521e-08
  0.0330711
1.67026e-08
   0.689199
6.12957e-09
2.36414e-09
1.11366e-09
8.74636e-10
1.19023e-09
2.06028e-09
   0.094058
3.79838e-09
7.10929e-09
   0.406904
1.34049e-08
 2.5427e-08
    0.24455
4.85319e-08
9.31842e-08
1.79444e-07
1.35287e-05
 2.5044e-05
 3.4513e-07
7.42209e-06
4.63652e-05
 8.3794e-05
0.000146203
4.10877e-06
6.57703e-07
2.26641e-06
1.23295e-06
0.000251023
  0.0026483
 0.00540808
0.000431709
  0.0268837
 0.00138081
    0.63973
0.000758295
  0.0119203
   0.824489
  0.0715701
   0.193878
4.31162e-05
1.52794e-05
0.000122219
5.44445e-06
0.000347055
1.95018e-06
0.000984541
 7.0142e-07
 0.00278599
 0.00787084
2.53263e-07
9.17129e-08
  0.0223289
3.33393e-08
1.22211e-08
4.62858e-09
  0.0627272
2.01195e-09
1.33121e-09
1.59104e-09
2.63724e-09
4.80027e-09
8.94933e-09
1.67995e-08
 3.1717e-08
6.02002e-08
   0.179473
1.14952e-07
2.21117e-07
 4.2727e-07
 3.1984e-05
1.74644e-05
5.98316e-05
 9.7043e-06
0.000202481
8.24403e-07
0.000111711
0.000352259
5.38121e-06
1.57286e-06
2.94215e-06
 0.00595262
   0.025069
0.000605904
 0.00317001
  0.0123563
 0.00102813
  0.0590456
   0.411308
 0.00177224
    0.80632
    0.15464
   0.687197
3.01007e-05
 8.4699e-05
1.07593e-05
0.000239309
3.86704e-06
0.000677033
1.39545e-06
 0.00191043
5.05459e-07
 0.00537733
1.83655e-07
  0.0151116
6.69194e-08
   0.365997
2.45232e-08
   0.042943
9.18551e-09
3.77451e-09
2.14262e-09
 2.1908e-09
3.40849e-09
6.10474e-09
     0.1198
1.13096e-08
2.11658e-08
3.97747e-08
7.50815e-08
1.42567e-07
2.72712e-07
5.25739e-07
4.10959e-05
 7.5788e-05
1.01922e-06
2.28775e-05
 0.00049169
0.000143142
0.000269653
1.27686e-05
1.97235e-06
 7.0196e-06
3.76355e-06
0.000852282
  0.0546081
  0.0137755
 0.00725726
   0.335447
 0.00147795
 0.00411417
 0.00245223
  0.0285178
   0.130704
   0.731245
5.96248e-05
2.13827e-05
0.000167201
7.70941e-06
0.000470726
2.79191e-06
 0.00132555
1.01436e-06
 0.00371703
3.69537e-07
  0.0103997
1.34952e-07
  0.0291232
4.95013e-08
1.84231e-08
7.29076e-09
3.65167e-09
   0.234969
3.13409e-09
  0.0837989
4.46899e-09
7.80032e-09
1.43559e-08
 2.6743e-08
5.01435e-08
9.42992e-08
1.78046e-07
3.38355e-07
6.47516e-07
  0.0566285
1.25179e-06
9.66758e-05
5.38722e-05
3.02628e-05
  0.0161998
 2.4349e-06
0.000179928
 0.00120241
0.000650997
 0.00034283
 1.6751e-05
4.72454e-06
9.02031e-06
   0.335531
 0.00209517
   0.124643
 0.00953301
   0.685705
  0.0327184
 0.00364567
 0.00586503
   0.733001
4.27576e-05
0.000118818
1.54648e-05
0.000332014
   0.418876
5.61625e-06
2.04669e-06
 0.00093045
7.47135e-07
 0.00260385
2.73476e-07
 0.00724775
  0.0202018
1.00415e-07
  0.0565374
3.72514e-08
1.43831e-08
6.54953e-09
   0.296726
4.70761e-09
 5.9678e-09
1.00391e-08
   0.169687
1.82734e-08
3.39212e-08
6.34091e-08
1.18902e-07
2.23889e-07
4.22788e-07
   0.124801
8.03555e-07
1.53986e-06
0.000126904
7.16663e-05
2.98395e-06
0.000228568
 0.00157412
 0.00296546
 3.9988e-05
 5.8252e-06
0.000427459
 0.00081921
2.15772e-05
1.13218e-05
  0.0381528
  0.0220004
 0.00523678
   0.746378
  0.0137248
 0.00904507
  0.0792253
   0.296276
8.61016e-05
3.12277e-05
0.000238436
1.13665e-05
0.000663234
4.14918e-06
1.51809e-06
 0.00184693
5.56502e-07
 0.00513024
 2.0461e-07
  0.0141641
   0.111501
   0.039515
7.57557e-08
2.88188e-08
    0.13234
1.22551e-08
7.48157e-09
  8.184e-09
1.30333e-08
 2.3373e-08
4.31454e-08
8.04043e-08
1.50441e-07
2.82499e-07
5.31999e-07
   0.344361
 1.0054e-06
  0.0472436
1.91014e-06
0.000299735
3.66682e-06
0.000169607
 0.00381684
9.52652e-05
7.12818e-06
   0.745787
0.000542124
 0.00193974
5.16089e-05
1.39474e-05
   0.696896
 0.00101148
2.70966e-05
  0.0076014
   0.298218
  0.0321366
  0.0941063
  0.0132842
6.34887e-05
0.000174748
2.31429e-05
   0.022577
0.000482158
8.45363e-06
3.09657e-06
 0.00133293
1.13625e-06
4.18299e-07
 0.00368262
  0.0782105
1.54828e-07
  0.0277614
  0.0101425
    0.21957
5.83694e-08
2.37058e-08
1.25921e-08
  1.163e-08
1.71329e-08
3.00422e-08
5.50689e-08
1.02213e-07
   0.755696
1.90883e-07
3.57444e-07
6.71667e-07
    0.29936
  1.266e-06
2.39245e-06
4.54881e-06
0.000401778
  0.0092217
0.000226767
 0.00071473
8.75194e-06
  0.0045735
0.000123304
   0.113928
1.70571e-05
6.46937e-05
 0.00128643
3.33433e-05
 0.00237571
  0.0739475
  0.0205549
   0.266575
  0.0531404
   0.751512
0.000130072
4.73984e-05
0.000357529
1.73126e-05
6.33959e-06
0.000983694
  0.0340881
2.32842e-06
 0.00269718
8.57716e-07
    0.15617
  3.175e-07
  0.0545416
 0.00736469
1.19136e-07
  0.0200957
4.69858e-08
2.24065e-08
 1.7305e-08
   0.246202
   0.691825
2.29012e-08
3.88768e-08
   0.422325
7.05911e-08
1.30436e-07
2.42694e-07
4.53396e-07
8.50759e-07
   0.140793
1.60098e-06
3.01637e-06
5.69628e-06
0.000955901
0.000540223
1.08532e-05
   0.763207
  0.0107148
0.000293989
2.09368e-05
  0.0233665
  0.0017228
 0.00548207
0.000154063
 4.0789e-05
7.94618e-05
 0.00303836
   0.121507
    0.28227
   0.769425
  0.0592742
9.76514e-05
0.000268562
 3.5604e-05
0.000738988
1.30244e-05
4.78247e-06
  0.0020262
1.76303e-06
   0.106755
6.53098e-07
 0.00549544
2.44496e-07
9.47234e-08
  0.0399431
  0.0147712
4.17874e-08
2.71971e-08
  0.0901288
3.13452e-08
    0.31975
5.06682e-08
9.08391e-08
1.67122e-07
3.09539e-07
5.76264e-07
1.07859e-06
2.02738e-06
   0.752691
3.81889e-06
  0.0244146
7.19657e-06
 0.00129353
1.35963e-05
  0.0023166
0.000696835
2.59625e-05
  0.0125524
0.000365329
5.02305e-05
0.000188288
9.73209e-05
 0.00419096
   0.315379
 0.00713632
  0.0614989
   0.187463
   0.755985
0.000202432
7.35362e-05
0.000559587
2.68405e-05
     0.2599
   0.207736
 0.00154443
9.84581e-06
3.62939e-06
1.34597e-06
 0.00422576
   0.685938
5.03943e-07
1.93173e-07
  0.0795075
  0.0112776
8.08867e-08
  0.0296421
4.53919e-08
   0.180048
4.43153e-08
6.67479e-08
1.17475e-07
2.14813e-07
3.96701e-07
7.35326e-07
1.37021e-06
2.56872e-06
4.83815e-06
   0.754071
9.12109e-06
 0.00312241
1.71857e-05
 0.00164973
3.25332e-05
  0.0587139
  0.0284003
6.24192e-05
 0.00086016
 0.00572866
0.000443971
  0.0162411
0.000120659
0.000231452
   0.334616
   0.010233
0.000152403
0.000422359
 5.5405e-05
   0.415496
 0.00117605
   0.755308
2.02892e-05
   0.163323
7.48097e-06
 0.00326886
2.77982e-06
   0.158553
1.04146e-06
3.97393e-07
 0.00894571
1.60957e-07
8.03945e-08
  0.0592882
6.56159e-08
  0.0233347
8.91905e-08
 1.5241e-07
2.76742e-07
5.09722e-07
9.42799e-07
1.74775e-06
  0.0600463
3.26125e-06
 6.1279e-06
1.15622e-05
 0.00392161
2.18004e-05
 4.1121e-05
   0.547128
 0.00788121
 0.00199955
   0.475922
7.81348e-05
   0.758311
  0.0369051
0.000150737
 0.00104011
    0.14213
0.000545276
0.000289568
  0.0143904
   0.710157
  0.0249607
0.000316872
   0.319422
0.000114565
0.000885877
4.18495e-05
 0.00249471
1.54333e-05
5.74301e-06
 0.00700871
2.15735e-06
8.22408e-07
   0.762007
    0.11763
3.26781e-07
1.49994e-07
  0.0192837
1.02764e-07
1.22088e-07
1.98942e-07
  0.0486491
3.57313e-07
 6.5681e-07
 1.2125e-06
2.24164e-06
   0.404956
4.15591e-06
7.76872e-06
 0.00931742
1.46351e-05
2.76501e-05
   0.139536
5.21119e-05
 0.00462839
 9.8615e-05
  0.0825147
0.000189107
  0.0210169
 0.00240917
   0.778907
 0.00127783
 0.00036545
  0.0569031
0.000692848
  0.0364861
0.000660283
0.000237061
8.63179e-05
 0.00186518
3.18504e-05
    0.22981
   0.332592
 0.00533336
1.18769e-05
4.47699e-06
1.70981e-06
6.72778e-07
  0.0152109
2.91819e-07
1.71574e-07
1.73027e-07
   0.156329
 2.6246e-07
   0.042632
4.62203e-07
8.45652e-07
   0.102037
1.56228e-06
    0.83579
2.88906e-06
   0.695178
5.33265e-06
9.89576e-06
1.85493e-05
  0.0106898
  0.0233821
3.50155e-05
6.61083e-05
0.000124792
0.000237543
 0.00544804
   0.430661
0.000461812
   0.317498
   0.127616
 0.00297826
  0.0016356
0.000886049
  0.0598327
   0.811412
0.000490795
 0.00137626
0.000178171
6.57223e-05
 0.00393823
2.45862e-05
  0.0941801
9.30351e-06
  0.0114452
3.56794e-06
1.39861e-06
5.86141e-07
3.05224e-07
  0.0331894
2.57193e-07
3.52175e-07
6.00317e-07
   0.214748
1.08973e-06
2.01287e-06
  0.0241086
  0.0977897
3.72716e-06
6.88199e-06
1.26982e-05
2.35837e-05
   0.759063
4.43586e-05
8.37259e-05
   0.012265
   0.336115
0.000157752
0.000299167
  0.0611837
0.000578808
   0.189903
  0.0068572
 0.00113415
 0.00386811
   0.271116
  0.0021416
 0.00101638
 0.00036774
 0.00286851
0.000135677
5.09322e-05
    0.75668
 0.00831149
   0.180451
1.93722e-05
   0.442979
7.46827e-06
   0.710141
2.93082e-06
1.20391e-06
  0.0244592
5.74578e-07
4.06218e-07
4.85387e-07
  0.0721842
7.86318e-07
1.40701e-06
2.58737e-06
4.80022e-06
8.88705e-06
   0.236423
1.63994e-05
  0.0580294
3.02552e-05
  0.0275317
5.63763e-05
0.000106136
 0.00019976
0.000376187
   0.336675
0.000719125
  0.0151673
   0.756331
 0.00142967
 0.00916131
   0.162189
 0.00502396
 0.00279309
0.000759352
 0.00210257
 0.00028045
 0.00596093
0.000105607
4.04002e-05
 1.5678e-05
   0.017438
 6.1787e-06
2.51373e-06
1.13213e-06
  0.0582941
6.86401e-07
  0.0512927
6.95214e-07
1.04418e-06
   0.152646
1.82342e-06
   0.758485
3.32732e-06
   0.548877
 6.1617e-06
    0.61837
1.14629e-05
   0.476058
2.12158e-05
3.90984e-05
7.22058e-05
0.000135025
  0.0338448
0.000474993
0.000253538
0.000896681
   0.141128
 0.00175928
   0.806843
  0.0215464
  0.0118685
 0.00357948
   0.761564
 0.00157123
0.000580472
 0.00435179
 0.00021929
  0.0068427
  0.0123265
8.44728e-05
3.30159e-05
1.30882e-05
5.31353e-06
   0.402673
  0.0361091
2.30912e-06
    0.29518
 1.2396e-06
 1.0498e-06
1.41624e-06
2.38365e-06
4.29069e-06
   0.104202
   0.137473
7.90457e-06
1.47107e-05
2.73908e-05
5.06539e-05
9.34382e-05
   0.777394
   0.076485
0.000173175
 0.00112554
0.000323606
 0.00213206
0.000604167
  0.0468466
 0.00440016
   0.331805
  0.0156201
  0.0282281
 0.00120562
 0.00325944
0.000456765
 0.00902238
0.000176977
 0.00900211
6.97264e-05
   0.462278
   0.150381
   0.834451
   0.025309
2.78539e-05
1.13304e-05
   0.748876
4.82769e-06
 2.3776e-06
1.68973e-06
  0.0733861
 1.9803e-06
3.15356e-06
5.57358e-06
1.01668e-05
1.88451e-05
   0.202189
3.51773e-05
6.54293e-05
0.000121019
0.000223966
 0.00265732
0.000417301
     0.3165
 0.00142625
0.000774251
    0.10779
  0.0051916
   0.809292
  0.0365556
 0.00251559
 0.00680246
0.000955221
  0.0112429
  0.0668461
 0.00037208
  0.0188106
0.000147667
5.94545e-05
  0.0225142
2.43301e-05
  0.0513358
1.02705e-05
4.77988e-06
   0.758646
2.92347e-06
2.88922e-06
4.23667e-06
7.29557e-06
1.31441e-05
   0.331129
2.41512e-05
   0.148528
4.50508e-05
8.41332e-05
0.000156062
   0.372969
0.000289247
 0.00620306
0.000542072
   0.131667
 0.00334786
 0.00100749
 0.00184397
   0.252684
  0.0129907
   0.756033
   0.705941
  0.0471157
 0.00528616
 0.00200865
  0.0143614
0.000784957
  0.0880793
0.000313836
0.000127405
  0.0291219
  0.0397306
5.24936e-05
2.21424e-05
   0.101523
 9.9515e-06
5.42481e-06
4.47356e-06
 5.8229e-06
9.62524e-06
1.71358e-05
3.11756e-05
    0.28539
5.76176e-05
0.000107781
0.000372119
0.000200847
0.000693485
   0.755096
 0.00781591
   0.308528
  0.0150322
 0.00132726
 0.00431023
 0.00243081
   0.107819
 0.00424568
  0.0112111
 0.00166587
   0.033387
0.000668644
  0.0309352
0.000273777
   0.755749
0.000113677
   0.197068
   0.220884
   0.331107
4.81152e-05
2.12412e-05
1.06902e-05
7.44602e-06
8.29742e-06
  0.0848342
1.28314e-05
2.24377e-05
4.05321e-05
 7.4162e-05
   0.715367
  0.0749072
  0.0176793
0.000138026
0.000886259
 0.00047726
0.000257528
 0.00168673
  0.0100073
   0.127398
 0.00328212
   0.753866
  0.0378705
 0.00582619
 0.00903639
 0.00355887
  0.0240801
 0.00143085
   0.275932
0.000589783
   0.376607
0.000246871
    0.06912
0.000105211
  0.0876111
4.61324e-05
2.20468e-05
1.33744e-05
   0.754805
1.24798e-05
1.74277e-05
2.94817e-05
5.28456e-05
9.62072e-05
   0.173379
0.000177431
   0.708649
 0.00210955
 0.00113096
 0.00033075
0.000613768
  0.0427627
  0.0230858
 0.00417823
   0.013468
    0.30057
 0.00814179
  0.0193328
 0.00764997
   0.756849
 0.00308036
  0.0992405
  0.0527935
 0.00127181
0.000537263
0.000230448
0.000101301
 4.7018e-05
2.57532e-05
   0.274294
2.01605e-05
  0.0497097
2.44684e-05
0.000124965
3.90857e-05
6.89877e-05
   0.344765
 0.00022947
 0.00267402
   0.751803
0.000426995
 0.00144809
 0.00514513
0.000791493
    0.71023
    0.16286
    0.23817
  0.0310303
   0.108156
  0.0104929
   0.041559
  0.0165467
  0.0201162
 0.00667637
 0.00275312
   0.753491
 0.00117046
   0.120839
0.000506424
 0.00022377
0.000102613
5.24387e-05
3.52698e-05
   0.268534
3.61888e-05
0.000296721
5.27256e-05
0.000162421
9.03843e-05
 0.00626015
0.000553257
   0.121849
 0.00340286
 0.00103141
 0.00188488
  0.0715995
   0.722934
  0.0128888
   0.754948
   0.343241
  0.0456269
  0.0900491
  0.0359716
  0.0145623
  0.0264089
 0.00599978
   0.281533
 0.00254627
 0.00111373
 0.00049508
   0.143153
   0.756042
0.000227031
0.000111243
 6.6494e-05
5.74153e-05
7.35356e-05
0.000383002
0.000706561
0.000211455
0.000119435
 0.00794869
  0.0152439
 0.00135311
 0.00440165
 0.00248716
   0.722123
   0.297761
   0.105842
   0.752884
  0.0330811
   0.078689
  0.0319187
   0.200796
   0.320346
  0.0131719
 0.00555395
  0.0656873
  0.0024484
 0.00109709
0.000506015
0.000133368
0.000243385
9.85036e-05
  0.0180208
0.000108272
 0.00090486
   0.754115
0.000495178
0.000161063
0.000276595
 0.00171321
   0.324431
  0.0102255
 0.00334246
  0.0385068
 0.00595834
   0.131539
   0.249418
   0.173439
  0.0700855
  0.0291499
   0.720543
   0.012231
   0.754376
 0.00534796
  0.0858179
 0.00243589
 0.00112643
0.000281093
0.000182083
0.000542653
0.000170156
 0.00213727
 0.00115975
  0.0437351
0.000225539
  0.0235992
0.000646105
0.000367037
 0.00423495
   0.285856
  0.0137367
   0.384817
   0.754176
 0.00828184
   0.153834
   0.101032
  0.0648294
  0.0272305
  0.0117233
   0.716575
 0.00539197
 0.00251469
  0.0509134
   0.755103
0.000359903
 0.00061638
   0.219199
 0.00121894
0.000287257
   0.330147
 0.00271682
0.000332403
 0.00519194
 0.00149995
0.000499892
0.000852408
  0.0316314
    0.11053
   0.332683
  0.0106232
  0.0203892
   0.753488
   0.144316
  0.0613014
  0.0260858
  0.0117359
   0.271678
 0.00562686
0.000752534
 0.00272151
0.000521931
 0.00630252
     0.1245
 0.00138523
0.000517172
 0.00347784
0.000706276
   0.754408
  0.0730375
 0.00198518
 0.00114944
   0.732991
  0.0129804
  0.0460766
   0.318287
  0.0267238
   0.285811
  0.0588029
   0.138835
  0.0256994
   0.756739
   0.145935
  0.0125404
 0.00611234
 0.00101853
0.000863036
 0.00165939
 0.00804545
  0.0152911
 0.00314298
   0.724978
   0.001036
 0.00454868
 0.00158988
 0.00268414
   0.302046
   0.106926
   0.751476
  0.0332935
   0.314532
  0.0575309
   0.134837
   0.066353
  0.0269095
   0.737991
   0.753682
  0.0180718
  0.0138142
 0.00211052
 0.00154302
 0.00697067
   0.328745
 0.00159567
  0.0104107
 0.00377571
 0.00222051
  0.0385618
 0.00372575
   0.132293
  0.0062712
   0.252355
   0.130387
   0.754462
  0.0583677
   0.309719
  0.0863533
   0.729722
   0.031151
 0.00297733
  0.0437399
  0.0156683
 0.00264028
  0.0238023
 0.00470176
   0.286903
  0.0032496
    0.75401
  0.0086826
  0.0141096
 0.00503316
 0.00889538
   0.101183
   0.131768
   0.301623
   0.737601
  0.0644226
   0.755178
  0.0508267
   0.220275
   0.331347
 0.00607978
 0.00464546
  0.0358316
  0.0187881
 0.00498267
  0.0320132
 0.00695707
    0.11038
  0.0109393
   0.011904
   0.733609
   0.753326
  0.0211876
   0.300812
    0.13759
   0.271905
 0.00884054
   0.124213
  0.0419289
   0.754426
  0.0820206
 0.00828597
  0.0137312
  0.0733932
   0.746526
  0.0103197
  0.0157395
  0.0463793
  0.0257853
   0.315824
   0.285613
  0.0285854
   0.155229
   0.756637
   0.145381
   0.738646
  0.0173585
   0.014345
  0.0516318
  0.0975145
  0.0159668
  0.0217142
   0.301777
   0.106707
   0.751267
   0.032909
   0.319464
  0.0373305
  0.0682702
   0.747769
   0.753746
  0.0270316
   0.112831
    0.32809
  0.0391043
  0.0273045
   0.131661
  0.0476227
   0.034002
   0.233797
   0.355519
   0.251977
   0.746416
   0.754258
  0.0912984
  0.0806146
  0.0491697
   0.133612
  0.0464443
   0.284829
   0.753937
  0.0667529
  0.0545506
   0.277676
   0.746479
   0.096004
   0.111901
   0.754973
   0.223348
   0.331743
  0.0830802
   0.289562
    0.11464
   0.761048
   0.138704
   0.101077
    0.11671
   0.753514
    0.28798
   0.748645
   0.139466
    0.27839
   0.251101
   0.142569
   0.754511
   0.211402
   0.749802
   0.198331
   0.305363
   0.290791
    0.76463
   0.756851
   0.360429
   0.318537
    0.26106
   0.765875
   0.753005
   0.292727
   0.565789
   0.762142
   0.353195
   0.757738
   0.521103
   0.474505
    0.76003
   0.764692
   0.773681
   0.766446
   0.784064
   0.769303
   0.781511
   0.784482
    0.83427
   0.860535
