 2.68167
 3.19958
 4.17799
 5.18772
 5.71459
 6.17047
 6.67814
 7.11441
 7.59901
  8.0142
 8.47368
 8.86661
 9.29905
 9.66817
 10.0732
 10.4177
 10.7945
 11.1138
 11.4622
 11.7565
 12.0763
 12.3459
 12.6377
 12.8825
 13.1464
 13.3668
 13.6035
 13.7999
 14.0096
 14.1827
  14.366
 14.5161
 14.6736
 14.8012
 14.9335
 15.0391
 15.1469
 15.2311
  15.315
 15.3784
  15.439
 15.4822
 15.5202
 15.5439
   15.56
 15.5648
 15.5597
 15.5461
 15.5206
 15.4893
 15.4439
 15.3954
 15.3307
 15.2655
 15.1819
 15.1003
 14.9978
 14.8995
 14.6569
 14.3948
 14.1051
  13.778
 13.6167
 13.4294
 13.2601
 13.0631
 12.8852
  12.678
 12.4913
 12.2741
 12.0789
 11.8522
 11.6485
 11.4127
 11.2011
  10.956
 10.7368
 10.4831
 10.2564
  9.9941
 9.75991
 9.48932
  9.2477
 8.96861
 8.71971
 8.43198
 7.87889
 2.85182
  2.4928
 1.84758
 2.19737
 3.70302
 4.71551
 14.7776
 14.5307
 14.2586
 13.9586
 8.17546
 7.61475
 7.30908
 7.03689
 6.72161
 6.44095
 6.11587
 5.82614
  5.4908
 5.19214
 4.84692
 4.54012
  4.1864
 3.87302
 3.51303
 3.19666
 2.17236
 1.52564
 14.0997
 14.6305
 14.8397
 13.8195
 14.3777
 15.0396
 13.4877
 2.74441
 15.2103
 11.9052
 11.2766
 12.4806
 15.3479
 13.0029
 13.1314
 10.5942
 13.4735
 13.8927
 9.85839
 14.2619
  14.582
 15.4508
 14.8541
 15.0794
 9.06945
  15.259
 15.5175
 15.3942
 15.5466
 15.4863
 15.5367
 8.22944
 12.7541
 7.34164
 12.3565
 2.60333
   11.94
 6.40898
 11.5055
 11.0534
 10.5849
 5.42872
 10.1001
 9.59956
 9.08297
 8.55079
 8.00255
 4.99925
 5.63779
 7.43804
 6.25668
 6.85638
 4.34267
 4.39517
 3.66933
 1.52968
 1.88802
 3.32349
 2.97981
 2.24829
 2.21094
 11.5923
 10.9369
 12.1941
 12.7426
 10.2278
 13.2389
 13.6836
 9.46484
 14.0775
 14.4219
 14.7177
 4.91744
  14.966
 8.64984
 15.1681
 15.3252
  15.121
 15.4385
 15.5094
 15.2753
 15.5392
 15.3958
 15.5292
  15.481
 14.9346
 13.3004
  13.644
 7.78518
 12.9339
  5.9203
 3.86482
 6.87491
 12.5464
 12.1393
 11.7134
   11.27
 10.8098
 10.3329
 9.84019
 9.33168
  8.8073
 8.26704
 4.66346
 5.31102
 7.71076
 3.99944
  5.9393
 7.13782
 6.54782
 3.32211
  14.494
 14.2286
 14.7243
  13.945
 2.61321
 2.77443
  1.5144
 11.2455
 11.8739
 10.5635
 12.4485
 12.9705
 9.82716
 13.4403
  13.859
 14.2275
 9.03779
 14.5469
 4.38816
 14.8182
 15.0426
 15.2214
 14.9977
 15.3558
  15.447
 15.1673
 15.4965
  15.305
 15.5056
 15.4083
 15.4757
 8.19687
 13.4269
 5.40546
  13.073
 7.30836
 12.6962
 12.2987
 6.37734
 11.8821
 11.4471
 14.3258
  10.995
 10.5263
 10.0413
 9.54079
 9.02435
 8.49227
 14.8007
 4.95006
  4.2943
 7.94427
 13.7474
 5.58581
  7.3802
   6.202
 6.79992
 14.5737
 3.62991
 14.0505
 1.89031
  3.3403
 2.97628
  2.2498
 2.20775
 11.5456
 10.8907
 12.1467
 10.1816
 12.6947
 13.1901
 9.41873
 13.6338
 14.0269
 14.3702
 14.6649
 8.60273
 14.9121
  15.113
 15.2689
  15.381
 15.4506
 15.4792
 15.4681
  4.8913
 15.4187
 15.3327
 7.73645
 15.2116
 15.0573
 3.86762
 6.82544
 12.8491
  13.214
 5.87695
 12.4621
 12.0548
 11.6287
  11.185
 10.7242
 10.2473
 9.75441
 14.8727
 9.24574
 13.5506
 8.72157
  4.5931
 8.18149
 5.23667
 7.62584
 5.86051
  7.0541
 6.46601
 3.93134
 14.4175
 14.1544
 14.6565
 13.8612
 3.27868
 2.75866
 2.59586
 1.51302
 11.1877
 11.8153
 10.5061
 12.3893
 12.9101
 9.77037
  13.379
 13.7966
 8.98087
 14.1639
 14.4819
 14.7519
  14.975
 15.1523
 8.13896
 15.2852
 15.3749
  1.8774
 15.4229
 15.4305
 15.3991
 4.36945
 15.3304
 15.2258
 15.0873
 7.24809
 5.35815
 12.5929
  12.969
 12.1954
 11.7782
 6.31712
 14.9169
 11.3429
 10.8901
 13.3199
 10.4209
 9.93581
 9.43519
 8.91889
 8.38697
 4.86041
  4.2121
 7.83936
 14.7153
 5.49072
 7.27641
  6.1026
 6.69753
 13.6453
 14.2318
 14.4854
 13.9513
 3.32784
 3.54976
 2.90688
 2.22507
 2.18314
  10.818
 11.4719
  12.072
 10.1095
 12.6187
 13.1129
 9.34677
 13.5553
 13.9468
 14.2886
 8.53069
 14.5816
 14.8271
 15.0263
 15.1803
 15.2905
 15.3582
 15.3848
 7.66307
 15.3717
 15.3205
 15.2326
 15.1098
 3.84622
  6.7488
 4.84145
 14.9537
 12.3317
  11.924
 12.7189
 11.4971
 11.0526
 10.5912
 13.0827
 5.80251
 10.1139
 9.62071
 9.11222
  14.766
 8.58836
 13.4216
 8.04865
 4.48349
 5.11867
 7.49365
 6.92321
 5.73651
 6.33761
 3.83197
 14.3034
 14.5467
  14.034
 13.7375
 3.16293
 1.49034
 2.77731
 2.52104
 1.84188
 11.1031
 10.4226
 11.7293
 12.3019
 9.68755
 12.8215
 13.2887
 8.89827
 13.7046
 14.0702
 14.3864
 14.6545
 14.8755
 8.05566
 15.0507
 15.1814
 15.2689
 15.3146
 15.3199
 15.2863
 15.2152
 7.16335
 15.1083
 14.9672
 4.31863
 12.0446
 12.4429
 11.6265
 11.1902
 6.22726
 10.7368
 12.8191
 14.7935
 10.2669
 9.78138
 9.28056
 3.31327
 13.1718
  5.2738
 8.76443
 8.23301
 14.5881
 7.68597
 2.19006
  4.7271
 4.08974
 13.5011
 7.12374
 14.3546
 5.34933
 14.0957
 6.54683
 13.8104
 5.95555
 3.43435
 2.16048
 2.73973
  10.719
 11.3716
 10.0118
 11.9701
 12.5152
 9.25012
 13.0076
 13.4481
 13.8377
 8.43405
 14.1773
 14.4682
 14.7113
  14.908
 15.0596
 15.1672
 7.56575
 15.2322
 15.2561
 15.2402
 15.1862
 15.0954
 6.64928
 14.9695
 3.80023
 14.8099
 11.7466
 12.1556
 11.3186
 10.8728
 12.5437
 10.4106
 9.93255
  1.4813
 12.9093
 9.43912
 14.6182
 8.93081
 5.69363
 8.40717
 13.2519
 7.86825
 4.74323
 14.3957
 4.33049
 7.31393
 14.1474
 4.95594
 13.8728
 13.5725
 6.74482
 5.56583
 6.16209
 3.69047
 2.75129
 3.02189
 2.18659
 1.84164
 2.28128
 10.9912
 10.3123
 11.6158
  9.5789
 12.1865
 12.7042
 13.1695
 8.79055
 13.5831
 13.9464
 14.2602
 7.94797
 14.5257
 14.7441
 14.9165
 15.0443
 15.1289
 15.1715
 15.1736
 7.05426
 15.1367
 3.26503
 15.0623
 14.9519
 14.8069
 6.11569
 11.4266
 11.8461
 10.9887
 12.2459
 10.5339
 14.6288
 10.0631
 12.6241
 9.57706
 9.07615
   12.98
 8.56047
 14.4194
 8.02976
 14.1816
 13.3141
 7.48359
 13.9176
 13.6275
 4.21251
 4.54782
  6.9223
 5.14175
 3.91943
 5.15968
 6.34713
  5.7595
 3.27531
 2.58496
 1.45341
 10.5937
 11.2444
 9.88859
 11.8411
 12.3841
 9.12847
 12.8742
 13.3123
 8.31347
 13.6994
 14.0364
 14.3245
 14.5647
 14.7583
 7.44495
 14.9066
 15.0109
 15.0726
 15.0929
 15.0734
 2.17534
 15.0155
 6.52663
 14.9208
 14.7906
 14.6265
 11.5222
 11.0923
 11.9331
 10.6449
 10.1812
 12.3235
 9.70224
 14.4301
 9.20856
 12.6924
 5.56695
 8.70047
 8.17765
 14.2034
 13.0397
 3.69014
 7.63963
 13.9499
 13.6702
 13.3655
 7.08632
 2.71628
 4.13277
 6.51828
 4.74527
 3.49892
 5.93786
 5.34721
 4.57415
 2.85241
 1.83681
 2.16771
 10.8524
 10.1756
 11.4747
 9.44421
 12.0434
 12.5587
 8.65784
 13.0214
 13.4324
 13.7928
  7.8162
 14.1035
 14.3659
 14.5809
 14.7499
 14.8741
 3.17931
 14.9549
 6.92119
 14.9937
 14.9918
 14.9507
 14.8719
 14.7568
 5.97948
  14.607
 11.1782
    11.6
 10.7383
 14.4239
 10.2816
 12.0024
 9.80951
 9.32258
  12.384
 8.82171
 14.2095
 12.7444
 8.30682
 13.9666
 7.77699
 13.0836
 13.6971
  13.402
 7.23211
 5.00079
  6.6717
 3.70629
 4.31826
 6.09791
 1.43692
 4.92174
  5.5134
 3.06418
 3.98145
 2.43002
 2.14832
 10.4422
 11.0904
 9.73956
 11.6847
 8.98195
 12.2252
 12.7128
 8.16922
 13.1481
 13.5321
 13.8658
 14.1505
 7.30123
 14.3871
  14.577
 14.7214
 14.8217
 14.8791
 14.8951
  14.871
 6.37941
 14.8084
 14.7087
 14.5732
 14.4038
 10.8178
 11.2502
 10.3682
 11.6641
 9.90271
  14.202
 12.0581
 5.41566
 9.42241
 8.92812
 12.4314
 13.9701
 8.42046
  2.6894
  12.784
 1.75451
 13.7109
   7.899
 13.4255
 13.1156
 7.36242
 6.81045
 3.27405
 6.24356
 3.88183
 4.48781
 5.66477
 4.41806
 5.07779
 2.62403
 3.35391
  2.0535
 1.40064
 10.0123
 10.6865
 11.3063
 9.28382
 11.8724
 8.50019
 12.3848
 12.8446
 13.2524
 7.66148
 13.6095
 13.9165
 14.1751
 14.3861
  14.551
 6.76662
 14.6708
 14.7471
 14.7813
 14.7745
 14.7283
 14.6441
 14.5236
 5.81703
 14.3678
 14.1791
 10.8813
 10.4385
 11.3062
 9.97966
 11.7124
 9.50551
  13.959
 12.0986
 9.01766
 8.51655
 13.7101
 12.4643
 8.00271
 13.4344
 12.8096
 13.1336
 7.47495
 4.83406
 6.93182
 6.37306
 2.84037
 3.43309
 5.79993
  4.0456
 5.21696
 4.63052
 3.81887
 2.14866
   2.147
 2.73187
 10.2643
 9.56425
 10.9096
  11.501
 8.80984
 12.0388
 8.00088
 12.5232
 12.9552
 13.3356
 7.13599
 13.6656
 13.9462
 14.1786
 14.3642
 14.5039
 14.5994
 14.6518
 6.21383
 14.6626
 14.6331
 14.5648
 14.4591
 14.3178
 1.73336
  14.142
 5.23356
 2.42361
 10.4945
 10.9305
 13.9341
  10.042
 11.3483
 9.57395
 11.7469
 9.09191
 13.6959
 12.1258
 8.59693
 13.4301
 12.4844
 8.08994
 13.1384
 12.8222
 7.57037
  7.0366
 1.38018
 6.48697
 3.59875
 4.24072
 5.92098
 2.97198
 5.34331
 3.23176
 4.17477
 4.75716
 10.4937
 9.82238
 11.1105
 9.09709
 11.6737
 8.31752
 12.1831
 12.6394
 7.48354
 13.0437
 13.3967
 13.6996
 6.59256
 13.9536
 14.1601
 14.3201
 14.4349
 14.5058
 14.5344
 14.5219
 5.64094
 14.4698
 14.3794
 14.2524
 14.0901
 13.8946
 10.5356
 10.0892
 10.9648
 9.62731
 13.6678
 11.3758
  9.1507
 11.7676
 13.4119
 8.66108
 12.1395
 13.1295
 8.15972
 12.4911
 12.8219
 7.64751
 4.62496
 7.12265
 6.58304
  3.1515
 6.02656
 2.13305
 5.45489
  2.4891
 4.87209
 3.71251
 3.66215
 4.28537
 1.72512
 2.05451
 2.62793
 1.33445
 10.0593
 10.7018
 9.36256
 11.2902
 8.61214
 11.8246
 7.80773
 12.3056
  12.734
 6.94895
 13.1103
 13.4358
 13.7119
 13.9394
 6.03189
 14.1197
 14.2544
 14.3442
 14.3908
 14.3956
 14.3597
 14.2849
 14.1725
 5.04898
 14.0241
 13.8413
 13.6261
 10.1221
 10.5625
 9.66575
 10.9855
 13.3809
 9.19477
  2.7113
   11.39
 8.71008
 13.1075
 11.7749
 12.8083
 8.21371
 12.1403
 12.4851
 7.70727
 3.11755
 7.19092
 6.66135
 6.11569
 5.55236
 4.97609
 3.24709
 3.99229
 4.38718
 3.80488
  10.274
 9.60587
  10.888
 8.88403
 11.4477
 8.10915
 11.9535
 7.28079
 12.4062
 12.8062
  6.3986
 13.1546
 13.4529
 13.7017
  13.903
 14.0573
 5.45533
 14.1664
 14.2313
 14.2535
 14.2344
 14.1754
 14.0779
 13.9435
 13.7738
  2.2919
 13.5706
 4.43957
 13.3361
  10.141
 9.68979
 10.5758
 9.22388
 10.9925
 13.0725
 8.74425
 11.3907
 1.30113
 12.7818
 8.25201
 11.7694
 12.4664
 12.1284
 1.98314
 7.74993
 7.24006
 6.72039
 6.18611
  2.0927
 5.63389
 2.78165
 5.06479
 4.48248
 3.31835
 3.88968
 1.62587
 3.32036
 2.64792
  9.8274
 10.4669
 9.13424
 11.0522
 8.38789
 11.5833
 7.58888
 12.0604
  6.7377
 12.4845
 12.8561
 13.1768
  5.8343
 13.4476
 13.6696
 13.8442
 13.9727
 14.0561
 4.86647
 14.0963
 14.0941
 14.0511
 13.9689
 13.8488
 13.6926
 13.5019
 13.2785
 13.0247
 9.69986
  10.146
 9.23906
 10.5753
 8.76433
 12.7428
 10.9863
 8.27612
 11.3787
 12.4353
 11.7512
 12.1038
 3.81086
 7.77695
 7.27145
 6.75944
 6.23691
 5.69785
 2.32132
  5.1387
 4.56734
 2.82642
 3.97359
 3.38248
 1.24407
 10.0274
 10.6382
 9.36238
 8.64442
 11.1945
 7.87409
 11.6966
 7.05273
 12.1448
 12.5403
 6.18044
 12.8837
 13.1765
 5.25995
 13.4198
 1.88923
 13.6149
  13.763
 13.8654
 13.9235
 13.9386
 13.9121
 4.26912
 13.8454
   13.74
 13.5975
 13.4194
 1.56285
 13.2075
 2.08489
 12.9642
 9.69674
 12.6913
 10.1382
  9.2398
 8.76964
 10.5623
 12.3917
 8.28626
 10.9675
 12.0673
 11.3537
 11.7209
 7.78984
 7.28554
 6.77882
 6.26642
 5.74108
 2.67729
 5.19623
 4.63277
  4.0553
 2.33042
 3.19775
 3.45159
 2.86875
 10.2052
 9.56882
 10.7876
 8.87887
 11.3148
 8.13657
 7.34372
 11.7875
 1.19814
 6.50108
 12.2068
 12.5734
 5.61012
 12.8886
 13.1536
  4.6798
 13.3695
 13.5375
 13.6593
 13.7356
 13.7682
 13.7584
 13.7075
 13.6171
 13.4883
 13.3233
 3.67946
 13.1237
 12.8911
 12.6277
 9.68052
 9.22759
 10.1177
 12.3362
 8.76116
 8.28192
  10.536
 12.0186
 10.9362
 7.78947
 1.84531
 11.6782
 11.3169
 7.28566
 6.77951
 5.76239
 5.23498
 6.27404
 4.68276
 4.12397
 3.52761
 2.34133
 2.91941
 1.44476
 9.75394
 10.3617
 9.09181
 10.9147
 8.37724
 11.4124
 7.61216
  11.856
 6.79722
 12.2462
   5.936
 12.5841
 5.02971
 12.8708
 13.1078
 13.2961
 13.4373
 4.10517
 13.5326
 2.06278
 13.5831
 13.5902
 13.5554
   13.48
 13.3658
 13.2142
 13.0267
 12.8053
  2.5787
 12.5518
 12.2687
 1.10269
 9.65239
  9.2026
 8.73871
 10.0845
 8.26359
 11.9585
 7.77568
 10.4977
  11.624
 10.8922
 11.2681
  7.2738
 3.08715
 6.76417
  5.2484
 5.75996
 6.26051
 4.71516
 4.16184
 3.60147
 1.79221
 2.98728
 2.38567
 9.91728
 9.28349
 10.4961
 8.59646
 11.0192
 7.85809
 11.4876
 7.07113
 11.9018
 6.23612
 12.2626
 5.35941
 12.5716
 12.8301
 13.0392
 4.44249
 13.2001
 13.3141
 13.3828
 13.4071
 13.3889
 3.53914
 13.3291
 13.2293
 13.0915
 12.9168
 12.7068
 1.22109
 12.4639
 12.1899
 11.8873
   9.166
 9.61179
  8.7038
 8.23086
 7.74764
  10.039
 11.5587
 10.4473
 7.24994
 11.2077
 10.8369
 6.73835
 4.72787
 5.23744
 6.22826
 5.73181
 3.65475
 4.18444
0.987424
 3.06319
 1.83168
 2.44325
 10.0587
   9.454
 10.6081
 8.79438
 11.1015
 8.08284
 7.32208
 11.5398
  6.5148
 11.9243
 5.66149
  12.256
 12.5362
 4.77286
 12.7661
 2.01404
 12.9474
 13.0808
 13.1678
 13.2098
 13.2082
 13.1641
 3.84647
 13.0793
 12.9555
 2.50494
 12.7938
  12.596
 2.98086
 12.3639
 12.0993
 11.8048
  9.1181
 8.65787
 11.4826
 9.55923
 8.18529
 7.70481
 7.21293
 9.98127
 11.1364
 10.3846
 10.7697
 6.70485
 4.70816
 4.19155
 6.18371
   3.134
 5.19883
 1.22354
 5.68056
 3.65099
 0.91653
 2.51859
 1.92822
 9.60293
 10.1785
  8.9715
 10.6976
 8.28651
 11.1608
 7.55147
 11.5692
 6.76988
 5.94424
 11.9238
 12.2263
 5.07377
 12.4775
  12.679
  12.832
 4.17705
 12.9379
 12.9979
 13.0133
 12.9856
 12.9162
 12.8063
  12.658
 12.4724
 12.2516
 3.23568
 11.9975
 11.7116
 11.3962
 8.60188
 9.05844
 8.12801
 9.49431
 7.16095
 11.0548
 7.64742
 6.65891
 9.91138
 10.6917
 10.3101
 4.17943
 3.16579
 6.13584
 4.66081
  3.6431
 5.61268
 2.60003
 1.40534
 5.12686
0.927741
 1.98365
 1.99825
 9.73015
 9.12777
 10.2755
 8.47009
  10.764
 7.76027
  11.197
 7.00343
 11.5752
  6.2027
    11.9
  5.3608
 12.1729
 2.56402
 12.3955
  4.4715
 12.5684
 12.6934
 12.7717
 12.8043
 12.7932
 12.7392
 3.56974
 12.6441
 12.5092
 12.3366
 12.1275
 11.8838
 11.6072
 11.2997
 8.53528
 8.06215
 10.9639
  8.9868
 6.59911
 7.57796
 7.09211
  9.4175
  10.604
  9.8299
 10.2253
 6.08508
 2.65231
 3.62532
 4.12142
 1.49524
 5.54372
 4.57719
 5.03183
 3.09372
 2.07373
 1.01027
   9.263
 9.83522
 8.63361
 10.3498
 7.94961
 10.8076
  7.2161
 11.2098
 6.43946
 11.5577
 5.62211
 11.8528
 4.76482
 12.0963
 12.2896
  12.434
 12.5308
 2.94008
 12.5814
  3.8496
 12.5869
 12.5489
 12.4686
 12.3481
 12.1881
 11.9911
 11.7584
 11.4915
 11.1929
  2.6682
 10.8635
 7.98923
  8.4579
 8.90328
 3.59848
 10.5075
 7.49926
 6.01852
 6.52153
 7.00899
 9.32876
 10.1302
  9.7368
 1.50107
 5.48227
 2.11662
 4.02775
  1.9694
  3.0521
 4.93075
  4.4472
 1.04546
 9.37628
 8.77669
 9.91762
 8.11972
 2.40885
 10.4011
 10.8275
 7.41015
 11.1991
 6.65496
 11.5165
 5.86125
 5.02799
 11.7817
 4.15618
 11.9955
   12.16
 12.2756
 1.57228
 12.3445
 12.3671
 12.3453
 3.19169
 12.2804
 12.1739
 12.0274
 11.8427
  11.621
 11.3647
 2.14891
  11.075
 10.7538
 7.90626
 8.36832
 10.4028
 7.41603
 5.93474
 5.41955
 8.80667
  10.027
  6.9144
 6.42407
 9.22819
   9.634
 3.03153
 3.48066
 4.84892
 1.04242
 3.88541
 4.30523
 2.46961
 1.58891
 8.89837
 9.46709
 8.27062
 9.97688
 7.58609
 10.4286
 10.8239
 6.85234
 11.1643
 6.07788
 11.4514
  5.2702
 3.53228
 4.42091
 11.6866
 11.8711
  2.1673
 12.0063
 12.0931
 12.1336
 12.1284
 12.0789
 11.9873
 11.8544
 11.6824
 11.4724
 11.2264
 2.52859
 10.9464
 2.98724
  10.634
 7.32934
 10.2897
   7.812
 5.33144
 8.26522
 9.91664
  1.0542
 6.81616
 5.82948
 8.69875
  9.5226
 1.91215
 6.31208
 9.11655
 4.78309
 1.60927
 3.32184
 2.44215
 4.18724
 8.99806
  8.4008
 9.53487
 3.67586
 7.74442
 10.0126
 10.4324
   7.033
 10.7964
 11.1058
 6.27658
 3.80061
 11.3624
 4.66802
  5.4858
 2.91257
 11.5675
 11.7224
 11.8283
 11.8865
 11.8982
  11.865
 11.7881
 11.6694
 1.04435
 11.5101
 11.3124
 11.0774
  1.6325
  10.807
 10.5034
 10.1675
 7.23262
  4.7177
  7.7043
 6.72124
 9.79957
 5.22191
 8.14922
 2.40119
 9.40478
 8.57879
 6.19233
 8.99579
 5.69739
 2.76329
 4.10472
 1.75138
 3.10818
 1.06074
 8.50989
 9.07492
 7.88366
 9.57925
 10.0244
 7.19774
 3.50737
 10.4121
 6.46015
 10.7445
  3.1729
 11.0232
 4.05838
 5.68484
 11.2491
 4.88138
  11.424
  11.549
 11.6256
 1.83642
 1.88675
 11.6547
 11.6379
 2.32247
 11.5766
  11.472
  11.326
 11.1406
 10.9168
 2.34663
 10.6566
 10.3625
 10.0357
 6.62752
 7.12265
   9.675
  1.0589
 4.60263
 7.58051
 9.28277
 4.05238
 6.08081
 5.08328
 8.02078
 8.86872
 8.44779
 5.55199
 2.50929
  1.8029
 1.09493
 3.37961
 8.59663
 8.00237
 9.12847
 7.34581
 9.59964
 10.0119
 6.63078
 10.3675
 3.45001
 10.6685
 5.86821
 10.9161
 11.1112
  4.2662
 5.07822
 11.2559
 11.3511
 2.82062
 11.3981
 2.52426
 11.3983
 11.3527
 11.2626
 11.1304
 10.9577
 10.7455
 10.4957
 1.13901
 10.2108
 3.99202
 9.89294
 6.51763
 9.54187
 5.98397
 6.99588
 9.15573
 4.46061
 7.44365
 8.73892
  7.8812
 8.31002
 5.41131
 1.75897
 4.90253
 3.33628
 2.33029
 1.15589
 8.09939
 8.65979
 7.47435
 9.15764
 1.88443
 2.84885
 6.78708
 9.59522
   9.975
 10.2987
 6.04269
 1.83954
 10.5678
 10.7844
 3.64473
 5.25793
 10.9488
 4.46017
 11.0631
 2.59562
 11.1285
 11.1456
 11.1161
 11.0413
 10.9229
 10.7632
 10.5633
 10.3243
 10.0487
  1.1683
 9.73956
 5.88896
 9.39823
 6.39214
 9.02151
 3.30928
 3.83301
 8.60739
 6.85021
 5.29964
 7.29513
 4.27729
 8.16923
 7.73017
 1.77638
 4.72133
 8.17312
 7.58232
  8.6989
  2.2242
 6.92595
 1.17339
 9.16249
 2.56871
 9.56662
 6.20681
 9.91323
 3.02101
 10.2049
 10.4428
 5.43351
 10.6279
 10.7614
 3.83647
 10.8452
 4.62934
 10.8804
 10.8675
 10.8084
 10.7043
 10.5573
 10.3701
 3.25922
 10.1425
  9.8765
 9.57567
 5.76594
 9.24332
 8.87748
 1.70154
 5.21004
 6.24636
 1.60448
 8.47321
 1.16723
 3.64196
  8.0301
 6.69076
  2.5868
 7.13525
 7.57639
 4.57775
 1.76267
 4.02409
 7.66756
 2.39583
 8.22261
 7.04531
 8.71316
  6.3561
 9.14241
 9.51292
 5.60542
 9.82701
 10.0867
 1.14626
 3.21622
 10.2926
 10.4462
 4.80341
  10.549
 10.6021
 10.6066
  3.9836
 10.5635
  10.474
 10.3409
 10.1659
 1.77179
 9.95062
 9.69516
 5.12278
 9.40231
  9.0774
 2.57169
 8.72251
 5.62435
 8.33016
 3.00687
 7.89339
 4.47837
 6.07311
 1.09937
 6.52138
 7.42505
  3.3988
 6.96421
 3.82908
 7.14292
 7.72876
  8.2475
 6.48823
 8.70217
 2.61714
 1.85944
 5.76457
 9.09702
 9.43426
 9.71593
 9.94314
 4.98324
 10.1174
 10.2395
 10.3109
 2.52475
 10.3331
 4.14919
 10.3067
 10.2331
  3.3225
 10.1135
 1.03099
 9.95083
 1.70612
 9.74793
 9.50389
  9.2198
 4.98219
 4.41363
 8.90138
 8.55448
 8.17579
 7.75427
 5.45682
 2.08198
 7.28059
 1.89581
 2.72864
 5.88873
 6.34481
  6.7968
 3.68955
 1.07508
 7.21658
 6.59933
 7.76456
 8.24634
 5.91004
 8.66566
 3.07119
 9.02647
 5.15204
 9.33046
 9.57981
 9.77463
 9.91676
 4.34337
 10.0072
 10.0472
 10.0381
   2.649
 9.98063
 9.87532
 4.34312
 3.46169
 9.72537
 9.53447
 9.30274
 9.02947
 1.18103
 8.71671
 8.37551
 4.82228
 1.87247
  8.0083
 7.60317
 3.64214
 7.14326
 2.53728
  5.2459
 6.63788
  5.7029
 2.02905
 6.15147
  6.6859
 7.26466
 6.03604
 7.77447
 8.21911
 1.23364
   5.311
 2.83078
 8.60361
 1.99685
 8.93048
 1.57861
 9.20181
 9.41837
 4.52088
 9.58086
 9.69055
 9.74885
 3.68643
 9.75734
 9.71649
 9.62687
 9.49006
 9.31109
 2.71493
 9.09141
 3.61266
  8.8299
 4.16925
  8.5254
 8.18694
 7.82654
 7.43826
 1.92951
  7.0035
 4.62731
 1.25854
 6.49508
 5.03715
 2.80762
 5.51805
 5.97066
 6.74758
 6.13747
  7.2862
 5.45425
 7.75726
 8.16611
 8.51572
 4.69297
 8.80938
 9.04817
 9.23162
 3.56489
 9.36114
 3.87835
 9.43844
 9.46468
 3.01965
 9.44108
 1.26133
 9.36774
 1.84688
 9.24536
 1.80999
 9.07744
 1.74262
 8.86983
 8.62134
 8.32824
 7.99217
 3.97822
 7.25664
   7.633
 6.84365
 2.83042
 6.36351
 1.34756
 4.35911
 4.85359
 5.81037
  1.2428
 6.21273
 6.78199
 5.57061
 7.28058
 5.29034
 4.85563
 7.71352
 8.08656
 8.40275
 8.66355
 1.93558
  4.0614
 8.86889
    2.38
 9.01926
 9.11546
 9.16007
 9.15396
 9.09797
  3.2322
 2.82319
 8.99103
 8.83534
 8.63762
 8.40191
 8.12259
 1.19318
 3.30995
 7.79441
 6.66555
 7.43139
 6.22632
 7.05704
 3.75051
  5.6788
  2.0355
 4.66812
 4.15401
 6.26119
  5.6612
 6.78846
 4.98638
 7.24693
 5.09898
 7.64313
 1.88808
 2.78985
 1.11792
 4.24478
 7.98154
 8.26477
 1.43496
 8.49249
 8.66401
 8.78055
 3.42899
 8.84343
 8.85505
 8.81628
 8.72633
  8.5847
 2.60255
 8.39697
 8.17135
 7.90649
 7.59387
 6.05318
 7.22795
 2.08401
  6.4669
 6.84644
 3.05562
  5.5618
  1.1696
 3.98425
 5.72452
   5.093
 6.28087
 4.95015
 3.43833
 6.76575
  4.3859
 7.18585
 7.54688
 4.37613
  7.8517
 3.63525
 8.10227
 8.29592
 1.28633
 8.43316
 8.51544
 8.54468
  8.5234
 8.45163
 2.07812
 8.32609
 2.79995
 8.14829
 7.93109
 7.67951
 2.03939
  7.3834
 5.42771
 7.02913
 2.92223
 5.85917
 6.63179
 6.24284
 2.28887
 4.84685
 1.34991
 1.54399
 3.82444
 5.17236
 5.75798
 4.50788
 6.27067
 3.23769
  6.7146
 7.09818
 4.18272
 3.77047
 7.42481
 7.69701
 3.06066
 7.91441
 8.07347
 8.17555
 8.22315
 8.21923
 8.16514
 8.05782
 2.24567
 7.89452
 7.68303
   7.161
 7.43947
 6.83019
 1.38876
 5.23303
 2.17442
 4.74219
 6.42648
 5.63723
 6.01116
 3.12076
 5.22132
 4.60576
 5.76054
 4.08378
 6.23074
 3.90384
 6.63629
 1.41502
 6.98469
 2.53031
 2.44885
 2.16388
 7.27817
 7.51852
 7.70084
 7.82396
 7.89075
 3.15201
 7.90409
 7.86713
 7.77899
 7.63382
  1.5382
  3.3886
 4.61551
 7.43045
  6.6157
 6.92523
 7.19086
 6.23572
 5.01674
 3.02456
 5.78852
 1.43357
 3.99936
 5.37599
 4.67149
 5.23551
 4.02472
 5.73299
  2.3256
 6.16146
 2.04303
 6.53142
 3.27307
 6.84531
 3.28367
 7.10777
   7.315
 7.46078
 1.44686
 7.54769
 7.57873
 7.55836
  7.4885
 7.36401
  2.5896
 7.17591
 1.54165
 6.04373
 6.38654
 6.93653
 6.67392
 3.90866
 4.37969
 5.59592
 4.76309
 2.26652
 5.12412
 4.11184
 4.69706
 1.45749
 5.22042
  3.2051
 3.42513
 5.67545
 6.06568
 6.40095
  6.6826
 6.91416
 7.08533
  2.3333
 7.19374
 3.79471
 7.24343
 7.08296
 7.23915
 7.18613
 2.06108
 6.91774
 5.82265
  1.4656
 6.68277
  6.1404
  5.4209
 6.41549
 1.53227
 2.60593
 2.44131
 4.12819
 3.14322
 4.91417
 3.54552
 4.14703
 4.44395
 4.69291
 5.17613
 1.47219
 5.58817
 2.78929
 5.94362
 6.24463
 6.49743
 6.69605
 6.82857
 2.36666
 6.89839
 6.64776
 6.91116
 6.78851
 6.87262
 5.24108
 6.43346
 3.05758
 5.58438
 6.15616
 5.87246
 3.47256
 1.51064
 4.74425
 1.47637
 2.03367
  3.8366
 2.97445
 3.58851
 4.15158
 4.20202
 4.66095
 2.33321
  5.1016
 5.47476
 5.79626
 2.96013
 1.47952
 6.06655
 6.29148
 6.45139
 6.54375
 6.57512
  6.3648
 6.18227
 6.48083
  6.5506
 5.00662
  4.5943
 5.90768
 5.32421
 5.60229
 1.47346
  2.2906
 3.15604
 1.48193
 4.01566
 3.02336
 3.59939
 2.39143
 2.04944
 4.13013
 4.60289
 3.47917
 4.99542
 5.33667
 5.62317
 6.06056
 5.86918
 6.17869
 4.43203
 6.22991
 5.91279
  1.4826
 6.06703
 6.22228
 6.16389
 5.67212
 2.21602
  4.7558
  5.3438
 3.88686
 5.02987
  2.9723
 2.39109
  2.4538
 3.04084
 3.58422
 1.45837
 4.08627
 1.48249
 4.51226
 3.24694
 4.86496
 5.17325
 5.65293
 5.80236
 5.43118
 5.87691
 5.43336
 5.62841
 3.76416
 5.88753
  4.1665
 5.75314
 5.84055
 5.11443
 2.30389
 4.47581
  1.8866
 1.48074
 4.74968
  2.4813
 3.12241
 3.02812
 3.55217
 4.01665
 1.43061
 4.38528
 4.71211
 3.62254
 1.47859
 5.41181
 5.22444
 2.46076
 4.98279
 5.51439
 2.19345
  5.1629
 5.54559
 4.90033
 5.32626
 5.51456
 5.43198
 3.89453
 3.03519
 1.93872
 4.51187
 4.13746
  1.4745
 2.46811
 3.00257
 3.49936
  3.9115
 2.31698
 4.23898
 5.00381
 4.53484
 5.14192
 4.67898
 2.92797
 4.77892
 5.19735
 4.87629
 5.18581
 1.46989
 3.28661
 5.00297
 5.10959
 1.37354
 4.31143
 3.59176
 1.91611
 3.87497
 2.26244
 2.96451
 2.44651
 3.42346
 1.46395
  2.8123
  3.7592
 4.07445
 4.75432
 4.83883
 4.56804
 4.40156
 4.12698
 4.32392
 1.35909
 4.84874
  4.5688
 4.79288
 4.67835
  2.2031
 2.96961
 1.45696
 3.66789
 1.89381
 2.90751
 2.41219
 3.22285
 3.30506
  1.3402
 1.44889
 3.92768
 3.59894
  4.3501
 4.47456
  3.8863
 2.11373
 4.50785
 4.11172
 4.11214
 4.47589
 3.51249
 4.36361
 2.77276
 4.22947
 2.26272
 2.37549
 1.43844
 2.83144
 1.85898
 2.98088
 1.31324
 3.11593
  4.0936
 3.35884
 3.43059
 4.15602
 3.62936
 3.90649
 2.16703
 4.14413
 1.42721
 3.64868
 3.79773
 4.06696
 3.90504
 2.83813
 2.31787
  1.8227
 1.26979
 2.70064
 1.41381
 3.18723
 2.27272
 2.04456
 3.70063
 3.80573
 2.94891
 3.23843
 3.81333
 3.33265
 3.76538
  2.7271
 3.43541
 3.61522
 1.25735
 1.39985
 3.43063
 1.79554
 2.24363
 2.12066
 3.43544
 2.59573
 2.78993
 1.38342
 2.45649
   3.467
 3.24815
 2.83619
 1.23961
 3.43418
 3.34755
 3.01786
 2.95558
 1.72397
 2.04756
 3.13079
 2.11942
 1.36624
 2.45651
  1.2138
 3.06956
 3.13866
 2.61184
 2.29349
  3.1155
 3.06331
 1.96757
 2.52409
 1.34721
 2.75516
 1.68186
 2.87781
 2.63125
 1.17254
 1.32527
 2.78128
 2.17452
  1.8588
 2.61396
 2.76992
 2.30707
 2.65121
 2.71923
  1.7685
 1.58514
 1.95048
 1.15887
 1.30076
 2.36427
 2.23908
 2.46142
 2.03833
 2.47576
 1.83641
 1.27272
 2.38276
 2.41609
 1.65612
 1.13275
  2.1121
 2.17514
 1.24093
 1.82771
 1.68917
 2.12945
 1.58135
 1.99489
 1.08494
 1.98939
 2.05654
  1.9992
 1.20648
 1.54717
 1.07847
 1.87858
 1.65118
 1.58453
 1.82647
 1.16776
 1.72816
 1.06385
 1.73484
 1.52414
 1.48536
 1.04212
 1.12383
 1.37127
  1.4055
 1.45866
 1.00771
 1.07275
 1.38514
  1.1879
  1.0007
 1.30607
 1.01146
 1.13168
 1.16102
0.978803
0.933629
0.936433
0.927589
  0.8293
0.899612
0.849693
0.816114
0.742131
 0.69159
