4.22247
4.77246
4.83948
4.56553
4.57388
4.92832
 4.9191
 4.5447
4.52561
4.85879
4.87515
4.85027
4.82242
4.79355
4.77333
4.75328
4.73847
4.72331
4.71143
4.69893
 4.6888
4.67794
4.66893
4.65916
4.65094
4.64195
4.63433
4.62595
4.61879
 4.6109
4.60412
4.59663
 4.5902
4.58306
 4.5769
4.57009
 4.5642
4.55766
4.55202
4.54575
4.54034
4.53433
4.52913
4.52337
4.51838
4.51285
4.50807
4.50277
4.49819
4.49311
4.48873
4.48387
4.47968
4.47503
4.47103
 4.4666
4.46279
4.45857
4.45494
4.45093
4.44748
4.44368
4.44042
4.43682
4.43374
4.43035
4.42745
4.42426
4.42155
4.41858
4.41606
 4.4133
4.41096
4.40841
4.40626
 4.4039
4.40191
4.39975
4.39793
4.39595
4.39429
 4.3925
4.39101
4.38941
4.38809
4.38668
4.38552
4.38431
4.38333
4.38231
4.38151
4.38069
4.38006
4.37945
  4.379
4.37859
4.37833
4.37814
4.37806
4.37809
4.37821
4.37846
4.37878
4.37926
4.37979
4.38051
4.38126
4.38223
 4.3832
4.38443
4.38564
4.38714
4.38859
4.39038
4.39209
4.39418
4.39616
4.39856
4.40082
4.40355
4.40611
4.40919
4.41205
 4.4155
 4.4187
4.42253
4.42607
4.43031
4.43421
4.43887
4.44316
4.44827
4.45296
4.45853
4.46365
4.46972
4.47529
4.48188
4.48793
4.49506
 4.5016
4.50933
 4.5164
4.52474
4.53238
 4.5414
4.54966
4.55941
4.56835
4.57894
4.58867
4.60026
4.61095
4.62379
4.63576
4.65037
4.66417
4.68158
4.69845
4.72093
4.74346
4.77527
4.80624
4.83593
4.82411
4.48503
 4.4552
4.46811
4.50642
 4.8558
4.85836
 4.7198
4.17962
4.87117
4.92707
4.83004
4.43198
4.43855
4.42581
 4.4455
4.45284
4.56078
4.54875
4.46058
4.57334
 4.5372
4.52612
4.58645
 4.5155
4.46871
 4.5053
4.47725
4.49553
4.48618
4.60018
4.61461
4.62985
4.42003
4.64609
4.87441
4.66355
 4.8358
4.68267
4.70408
4.41466
 4.8131
4.72897
4.75098
4.38098
4.37963
4.38271
4.70571
4.37867
4.67083
4.38481
4.37811
4.64184
4.61653
4.37794
4.38728
4.59382
 4.3782
4.75956
4.57311
4.37888
4.39012
4.55407
4.38001
4.53648
4.38159
4.39332
4.38366
4.52019
4.80018
4.38623
4.40969
 4.5051
4.39688
4.38932
4.49115
4.39295
4.90892
4.85629
4.47827
4.86887
4.40081
4.39717
4.46639
4.40199
4.40508
4.45546
4.40744
4.44544
4.41356
4.43628
4.42038
4.42794
4.87455
4.26771
4.31373
 4.8986
4.76326
4.56692
4.57974
4.55464
4.59315
4.54285
4.53154
 4.6072
 4.5207
4.51029
4.50031
  4.622
4.49076
4.48161
4.47288
4.44908
4.45662
4.46455
4.44193
4.43517
4.63769
4.65445
4.42881
4.67261
4.69264
4.42283
4.71539
 4.9565
4.39501
4.39162
 4.3886
4.77231
4.74228
4.65512
4.62838
4.38595
4.68621
4.38366
4.60458
4.38174
4.72443
4.73433
4.38021
4.58299
4.77511
4.39875
4.37905
4.37828
4.56319
4.37792
4.83886
4.37796
4.54491
4.77609
4.41726
4.37842
  4.528
4.37932
4.38067
4.51233
4.38249
4.71205
4.40285
4.49784
 4.3848
4.82179
4.38763
4.48443
4.39099
4.47207
 4.3949
4.46067
4.39941
4.45021
4.40454
4.44063
4.41032
 4.4319
4.41678
4.42396
4.41209
4.40729
 4.8783
4.74581
4.73552
4.86808
4.27496
4.92187
4.57299
4.56047
4.58608
4.54846
4.59975
4.53692
4.52585
4.51523
4.61411
4.50505
4.49529
4.48594
4.47701
4.62926
4.46848
4.45263
4.44529
4.46036
4.43834
4.64533
4.43179
4.66255
4.42563
4.68126
4.70197
4.72553
4.41986
4.63954
4.66724
 4.6149
4.69931
4.38989
4.39309
4.38704
4.38457
4.59256
4.38246
  4.738
4.38073
4.37938
4.39667
4.57206
4.78608
4.75334
4.37841
4.86228
4.37784
4.55315
4.37767
4.37792
4.53563
4.83413
4.37859
4.78764
 4.4006
 4.5194
 4.3797
4.38128
4.50438
4.38333
4.49046
4.38588
4.41449
4.38896
4.47761
4.39258
4.46576
4.83081
4.39677
4.45487
4.40157
4.44487
4.40487
  4.407
4.43574
 4.4131
4.42743
 4.4199
 4.4095
4.87204
4.87063
4.90664
4.81976
4.30595
  4.861
4.90197
4.69412
4.56647
4.57925
4.55421
 4.5926
4.54245
4.53116
4.60657
4.52033
4.50993
4.62126
4.49996
4.49041
4.48128
4.47255
4.46423
4.63677
4.45631
4.44878
4.44164
4.65327
 4.4349
4.67101
4.42854
4.69035
4.42258
4.71184
4.90889
 4.3947
4.39131
4.38828
4.38562
4.38332
4.39845
 4.3814
4.73634
4.37986
4.62579
4.65137
4.60264
4.37869
4.68008
 4.5814
4.37792
4.37754
4.56181
4.71312
4.37757
4.76512
4.54368
4.37802
4.75188
4.37891
4.52686
4.41701
4.38024
4.40256
4.51128
4.38204
4.79959
 4.7954
4.38433
4.49684
4.38713
4.48349
4.39047
4.47117
4.39436
4.45982
4.39884
 4.4494
4.40394
4.40702
4.43986
4.40968
4.41183
4.43116
4.41611
4.42326
4.83844
4.84206
4.88195
4.89355
4.74968
  4.858
4.83025
4.23579
4.57242
4.58544
4.55993
4.54795
4.59905
4.53644
4.52539
4.61329
4.51479
4.50461
4.62827
4.49486
4.48552
 4.4766
4.46808
4.45996
4.64409
4.45224
4.44492
4.43798
4.66095
4.43144
4.67906
4.42529
4.69878
 4.3927
4.72061
4.38949
4.39628
4.38664
4.38416
4.38205
4.63608
4.61234
4.38031
4.66213
 4.5905
4.37895
4.41953
4.37797
4.69095
4.74517
 4.5703
4.37739
4.55159
4.37721
4.40021
4.72302
4.37743
 4.5342
4.37809
4.77308
4.37918
4.51808
4.38074
4.75772
4.50312
4.38277
4.38529
4.48928
4.80392
4.38834
 4.4045
4.47648
4.41415
4.39193
4.46469
4.39609
4.45385
4.40085
4.79162
 4.4439
4.40624
4.43482
 4.4123
4.42655
4.41906
4.40914
4.83481
4.85838
  4.849
 4.7828
4.81528
4.87135
4.28958
4.81998
4.65169
4.85862
4.57849
4.56578
4.59176
4.55356
4.54184
4.60562
4.53057
4.51975
4.62014
4.50937
4.49941
4.48988
4.63541
4.48075
4.47204
4.46372
4.45581
4.65155
4.44829
4.44117
4.66874
4.43443
 4.6872
4.42809
4.70725
 4.3908
 4.3942
4.38777
 4.3851
4.42214
 4.3828
4.39795
4.38087
4.72925
4.37932
4.62226
4.59985
4.37814
4.64652
4.57907
4.37735
4.67282
4.37696
4.55976
4.37697
4.75351
4.70134
4.54182
 4.3774
4.40206
4.37826
4.52514
4.37957
4.41656
4.77984
4.50966
4.38135
4.73154
4.38361
4.49531
4.74469
4.38637
4.48203
4.38967
4.80663
4.40653
4.46978
4.39352
4.41136
 4.4585
4.39796
4.44814
  4.403
4.76123
4.43867
 4.4087
4.43002
4.41508
4.42218
4.83004
4.84836
4.78491
4.79989
4.79276
4.23389
4.57159
4.58454
4.55916
4.59803
4.54722
4.53574
4.61213
4.52471
4.51413
 4.6269
4.50397
4.49423
4.48491
4.47599
4.64241
4.46749
4.45938
4.45167
4.65879
4.44435
4.43743
 4.6762
 4.4309
4.27432
4.69483
4.42475
4.84155
4.39212
 4.3889
4.38605
4.39569
4.71486
4.38356
4.38144
4.37969
4.60895
4.37832
4.63176
4.58769
4.37733
4.65619
4.39963
4.73649
4.56785
4.37673
4.41899
4.37653
4.54937
4.68221
4.37673
4.53216
4.37736
4.75958
4.37843
4.70945
4.51616
4.37995
4.40392
4.50131
4.38194
4.78335
4.38443
 4.4136
4.48756
4.38743
4.47485
4.39098
4.40857
4.73654
4.46313
4.80601
4.39509
4.45236
 4.3998
4.44249
4.40514
4.43347
4.41114
4.42527
4.41784
4.82626
4.82575
4.76055
4.77906
4.70988
4.78949
4.73604
4.57749
4.56484
4.59065
4.55269
4.60437
4.54099
4.52976
 4.6187
4.51896
4.50861
4.49867
4.63368
4.48914
4.48003
4.83206
4.47133
4.64942
4.46302
4.45512
4.44761
  4.666
 4.4405
4.43378
4.68355
4.42744
4.70221
4.39011
4.39351
4.38707
 4.3844
4.38209
4.39726
4.38015
4.42149
4.37858
4.72206
4.82408
 4.3774
 4.6181
4.59641
4.64117
4.37659
4.57609
4.37618
4.55709
4.66556
4.37617
4.40137
4.74302
4.53936
4.37657
 4.3774
4.69096
4.52284
4.41591
4.37867
4.76469
4.50748
4.38041
4.78616
4.40585
4.38262
4.49325
4.41069
4.38534
4.80626
4.71653
4.48008
4.38858
4.46791
4.39238
4.45672
4.39676
4.44644
4.40175
4.43705
4.40738
4.42848
4.41369
4.42071
4.74046
4.76062
4.77547
4.23652
4.76414
4.24488
4.57052
4.58338
4.55816
4.59675
4.54627
4.61068
4.53483
4.52383
4.51326
4.62519
4.50312
 4.4934
4.64037
4.48409
4.47519
4.46669
4.45859
4.65625
4.45089
4.82126
4.44359
4.67294
4.43668
4.43015
 4.6905
4.39134
4.38812
4.38527
4.39491
4.42401
4.38277
4.70897
4.38064
4.80651
4.37888
4.37749
4.39884
4.60499
4.37649
4.58425
4.62697
4.37586
4.72833
4.56478
4.65012
4.37564
4.41824
4.54655
4.37582
4.67418
4.37641
4.52953
4.74832
4.40314
4.37744
4.51367
4.78805
4.76846
4.37892
4.41284
4.38087
4.49895
4.69862
 4.4078
 4.3833
4.48531
4.38625
 4.4727
4.38973
4.46109
4.39379
4.45041
4.39843
4.44063
4.40369
 4.4317
4.40962
4.42359
4.41624
4.72231
4.74361
4.80555
4.76048
4.65463
4.76682
4.69276
4.19721
4.57625
4.58931
4.56368
4.55159
4.60288
4.53995
4.52875
4.61698
4.51798
4.50764
4.63168
4.49772
4.48821
4.47911
4.64699
4.47042
4.46213
4.45423
4.66298
4.44674
4.80699
4.43963
4.67969
4.81504
4.43292
4.69713
4.42658
4.38923
4.38619
4.39263
4.38351
 4.3812
4.39638
4.37925
4.37766
4.71529
4.79016
4.42063
4.37646
4.59247
4.61355
4.37563
4.57255
4.63574
4.37519
4.40049
4.55384
4.37515
4.73401
4.65881
4.37552
4.53632
4.41504
4.37631
4.51998
4.40496
4.77183
4.37754
4.75299
4.40982
4.68241
4.50477
4.37922
4.38138
4.49066
4.38404
 4.4776
4.38722
4.46556
4.39094
4.70581
4.45447
4.39525
 4.4443
4.40016
 4.4057
  4.435
4.41193
4.42654
4.41886
4.72795
4.74712
4.75939
 4.7366
4.23978
4.58199
4.56923
4.59523
4.55694
 4.5451
4.60897
4.53369
4.52273
4.62324
4.51219
4.50207
4.63806
4.49236
4.48307
4.47418
4.65347
4.46569
4.80665
4.45761
4.44992
4.66948
4.44262
4.43571
4.68611
4.79209
4.42919
4.38715
4.39037
4.38429
4.38179
4.39394
4.70911
4.70332
4.37965
4.42305
4.37788
4.37647
4.39787
4.37544
4.60062
4.58031
4.62197
 4.3748
4.56114
4.72101
4.41728
4.37454
4.77485
4.64424
4.40216
4.54315
4.37468
4.37524
4.52631
4.41187
4.73901
4.40683
4.37622
4.66714
4.75702
4.51062
4.37765
4.37954
4.49605
4.38191
4.48254
 4.6902
4.38479
4.47005
 4.3882
4.45855
4.39216
  4.448
4.39672
 4.4019
4.43833
4.40773
4.42951
4.41425
 4.4215
4.71277
4.63033
4.73386
4.79186
4.75079
4.75486
4.11656
 4.5748
4.58774
4.56232
4.60115
4.55029
4.53869
4.61505
4.52753
4.51679
4.62945
4.50647
4.49657
4.48707
4.64437
4.47799
4.46931
4.46103
4.65982
4.45315
4.44566
  4.794
4.67579
4.43856
4.43185
4.69225
4.38816
4.38512
4.42552
4.39156
4.38244
4.38011
4.39531
4.37815
4.37655
4.77779
4.70913
4.41956
4.37533
4.39941
4.37447
4.58811
4.60876
4.56852
  4.374
4.63034
4.55005
4.37393
4.41397
4.40389
4.37425
4.72629
4.53274
4.40875
4.80193
4.65263
4.37499
4.76079
4.51657
4.37617
4.74357
4.37779
4.50151
4.67533
4.37989
4.48754
4.38247
4.47462
4.38557
4.46271
4.38921
4.39342
4.45176
  4.698
4.39824
4.44171
4.40369
4.43253
 4.4098
4.42418
4.41662
4.72014
4.74075
4.73587
  4.242
4.75219
4.69021
4.58039
4.56772
4.59349
 4.5555
4.60705
4.54372
4.53236
4.62108
4.52143
4.51091
4.63559
4.50081
4.49112
4.48184
4.65056
4.47296
4.46449
4.45641
4.66598
4.44873
4.44145
4.43455
4.68183
4.42803
4.79461
4.38599
4.38921
4.38313
4.78058
4.38062
4.39278
4.69805
4.37847
4.42188
4.37669
4.39671
4.37526
4.37421
4.41611
4.59591
4.57592
4.37353
  4.401
4.61687
  4.557
4.71454
4.37324
 4.4107
4.40566
4.37334
 4.5392
4.63862
4.37385
4.76428
4.52255
4.37477
4.73115
4.37614
4.50702
4.66092
4.74776
4.37796
 4.4926
4.38025
4.47924
4.38305
4.68347
 4.4669
4.38637
4.39024
4.45554
 4.5548
 4.3947
4.44512
4.39977
4.43558
4.40548
4.42689
4.41189
4.41901
4.70599
4.13992
 4.7283
4.74819
4.77863
4.72144
4.57315
4.58598
4.56075
4.59924
4.54878
4.61295
4.53723
4.52611
4.62708
 4.5154
 4.5051
4.49521
4.64165
4.48574
4.47667
  4.468
4.65662
4.45973
4.45186
4.44438
4.67197
4.43729
4.43058
4.68765
4.38691
4.38387
4.42425
4.39031
4.38118
4.37885
4.39405
4.37687
4.78292
4.37526
4.41829
4.39816
4.37401
4.70357
4.37313
4.58339
 4.4127
4.60376
4.40263
4.56403
4.37262
4.40748
 4.3725
4.54575
4.62501
4.37278
4.76761
4.52861
4.71961
4.37347
4.64693
4.51261
4.37458
4.37613
4.49771
4.73568
4.75169
4.37814
4.23428
4.66925
 4.4839
4.38064
4.79018
4.47115
4.38365
4.38719
4.45938
4.39129
4.44857
4.39599
4.43868
4.69176
4.40132
4.42964
4.40731
4.42143
  4.414
4.71449
4.73729
4.74749
4.37588
4.67312
3.96815
4.57859
4.59158
4.56602
4.55388
4.60499
4.54214
4.61879
4.53082
4.51992
4.50943
  4.633
4.49935
4.48967
 4.6476
4.48041
4.47155
4.46308
4.66254
4.45502
4.44735
4.44007
4.67776
4.43317
4.42665
4.38465
4.38787
4.38179
4.37927
4.39144
4.69322
4.37711
4.42051
4.39536
4.37531
4.37386
4.41474
4.39965
4.37278
4.40934
4.37207
4.40431
4.59091
4.57111
4.61168
4.37174
4.55236
4.70879
4.37179
4.53473
 4.6332
4.37224
4.51824
4.78359
4.77058
 4.3731
4.37439
4.72438
4.50288
4.65527
4.37613
4.48862
4.37834
4.75536
4.73991
4.47542
4.38104
4.38426
4.46325
4.67767
4.38802
4.45205
4.39235
4.44178
 4.3973
 4.4324
4.40288
4.42387
4.40915
4.41613
4.70028
4.72338
4.74445
4.76439
4.68142
4.22417
4.58405
4.57132
4.59718
  4.559
4.54709
4.61071
4.53558
4.52449
4.62461
 4.5138
4.50353
4.63887
4.49366
 4.4842
4.47514
4.65345
4.46648
4.45822
4.45036
4.66831
4.44289
 4.4358
 4.4291
4.68337
4.38548
4.38244
4.42278
4.38887
4.37974
 4.3774
4.39262
4.37541
4.41682
4.39672
4.37378
 4.3725
4.69855
4.41124
4.40119
4.40603
4.37159
4.57829
4.59855
4.37105
4.55905
4.37088
4.54092
 4.6197
 4.3711
4.52394
4.37172
4.71375
4.64151
4.37276
 4.5081
4.37423
4.49338
4.37615
4.72888
4.77281
4.47974
4.66376
4.37855
4.38145
4.46715
4.74387
4.75873
4.38487
4.45556
4.38886
4.44492
4.39342
4.43519
4.68624
4.39861
4.42632
4.40446
4.41828
4.77795
  4.411
4.70887
4.73144
 4.7372
4.33443
4.02423
4.64763
4.57663
4.58951
4.56415
4.60277
4.55206
4.54037
 4.6164
4.52909
4.51821
4.63037
4.50774
4.49768
4.48803
4.64466
4.47877
4.46992
4.46147
 4.6592
4.45341
4.44575
4.43848
4.67394
4.43159
4.42508
4.38313
4.38634
4.38026
4.68879
4.38991
4.37774
4.41894
4.37557
4.39383
4.37375
4.41318
4.39812
4.37228
4.40779
4.40277
4.37117
4.37042
4.58559
4.56585
4.37004
4.60633
 4.5472
4.70367
4.37004
 4.5297
4.37043
4.62788
4.37122
4.51337
4.37243
4.49818
4.71846
4.37408
   4.65
 4.4841
4.37618
4.37877
4.47108
4.73309
4.38186
4.45909
4.67241
 4.3855
4.44808
 4.3897
4.74752
4.43799
4.77275
4.39449
4.42879
4.39993
4.76162
4.42043
4.40604
4.41286
4.69485
4.71689
4.68842
4.74637
4.73421
4.19119
4.58196
4.56932
4.59499
4.55706
4.60836
 4.5452
4.53373
4.62208
4.52267
  4.512
 4.6361
4.50175
 4.4919
4.48245
4.65037
 4.4734
4.46476
4.45651
4.66484
4.15327
4.44866
4.44119
4.43412
4.67943
4.42742
4.42111
4.38386
4.38082
4.38725
4.37813
  4.391
4.37578
4.41516
 4.3951
4.37377
4.40959
4.39956
4.37212
4.40439
4.37082
4.69405
4.36987
4.57276
4.36928
4.59305
4.55357
4.36906
4.53554
4.61429
4.36922
4.36977
4.51871
4.70858
4.37073
4.63627
4.50302
4.37211
4.48849
4.37393
4.37621
4.47505
 4.6587
4.72293
4.37899
4.46265
4.38228
4.45125
4.38612
4.44081
4.39054
 4.6812
  4.737
4.43127
4.39557
4.42259
4.40125
4.41472
4.40762
4.58888
4.75076
4.76426
4.70322
4.76348
4.72254
 4.7199
4.58931
4.57452
4.58732
 4.5621
4.60046
4.55006
4.61395
4.53842
4.52716
4.62773
4.51631
4.50586
4.49581
4.64176
4.48617
4.47693
4.46809
4.65601
4.45965
 4.4516
4.44395
4.67038
4.43669
4.42981
4.42331
4.41718
4.38143
4.38464
4.68478
4.37856
4.38821
4.37603
4.39212
4.41143
4.37385
 4.3964
4.40605
4.37201
4.40104
4.37052
4.36938
4.36859
4.57985
4.56007
4.36816
4.60072
4.54148
4.69912
 4.3681
 4.5241
4.36842
4.62252
4.36913
4.50792
4.37025
4.49292
4.37179
4.64497
4.71328
4.37378
4.47903
4.37624
4.46622
 4.3792
4.66769
4.45444
4.38269
4.44363
4.72713
4.38673
4.43375
4.39137
4.42475
4.39663
4.41658
4.40256
 4.4092
4.69007
4.74055
4.71805
4.75333
4.71071
4.76205
4.72141
4.65166
4.12254
4.57975
4.59268
4.56716
4.55496
4.60595
4.54313
 4.5317
4.61952
4.52066
4.51001
4.63335
4.49977
4.48993
 4.4805
4.64739
4.47147
4.46283
4.45459
4.66158
4.44675
 4.4393
4.43223
4.67582
4.42554
4.41924
4.38208
4.38546
4.37903
4.41331
4.37634
 4.3892
4.39329
4.37398
4.40775
4.39774
4.40256
4.37196
4.37029
4.69002
4.36896
4.36797
4.56671
4.36734
4.58714
4.54752
4.36707
4.60866
4.52958
4.36716
4.36763
4.51287
4.36849
4.70404
4.18975
 4.6311
4.49738
4.36977
4.37147
4.48304
4.37363
4.65406
4.46981
4.37626
4.45763
4.71777
 4.3794
4.44646
4.38309
4.43624
4.67702
4.38733
4.42691
4.39219
4.41844
4.39769
4.41077
4.40387
4.73105
4.69897
4.74356
4.75433
4.74586
4.71594
 4.6972
4.63877
  4.585
4.57226
4.59806
4.55989
4.54789
4.61143
4.53628
4.52505
4.62508
4.51421
4.50378
4.63894
4.49375
4.48411
4.47488
4.65297
4.46605
4.45762
4.44959
4.44194
4.66708
4.43469
4.42782
4.42133
4.41522
4.68117
4.38276
4.37955
4.38632
4.37668
4.40948
4.39023
4.37415
 4.3945
4.40412
4.39912
4.37196
4.37011
4.36859
4.36742
4.36659
4.57355
4.55368
4.36611
 4.5947
4.53513
4.69513
4.36598
4.36622
4.51787
4.61699
4.36684
4.50187
4.36786
4.36928
4.48707
4.64015
4.37114
4.70882
4.47341
4.37347
4.46084
4.37627
4.66366
4.44929
4.37959
4.14095
4.43871
4.38346
4.42906
4.38792
4.72208
4.42028
  4.393
4.41233
4.39873
4.40516
 4.6868
4.73463
4.70767
4.74984
 4.7457
4.58139
4.71237
 4.5774
4.59027
4.56486
4.60346
4.55269
4.54089
4.61693
4.52948
4.51845
4.63064
4.50783
 4.4976
4.48777
4.64453
4.47834
4.46932
 4.4607
4.65853
4.45247
4.44464
4.43719
4.43014
4.67254
4.42347
4.41717
4.41126
4.38011
4.38349
4.38722
4.37707
4.40572
 4.3913
4.37438
4.40054
4.39574
4.37201
4.36998
4.36829
4.68646
4.36693
4.36591
4.56002
4.58065
4.36523
4.54079
4.36489
4.60263
4.36491
4.52294
4.36529
4.50641
4.36606
4.72001
4.70015
4.62581
4.36722
4.49113
4.36879
4.47702
4.37081
4.64983
4.46404
4.37329
4.45211
4.37626
4.71346
4.17997
4.44118
4.37977
4.43121
4.67393
4.38382
4.42212
4.38849
4.41387
4.39378
4.40643
4.39974
4.69714
4.72619
4.71384
4.73782
 4.7459
4.65531
4.12813
4.58256
4.56987
4.59557
4.55753
4.60888
4.54555
4.53395
4.62244
4.52274
4.51192
4.50149
4.63621
4.49147
4.59852
4.48185
4.47263
 4.6501
4.46381
4.45539
4.44737
4.66405
4.43974
4.43249
4.42564
4.41916
4.41307
4.67796
4.40735
4.38071
4.38426
4.37751
4.38816
  4.402
4.39241
4.39702
4.37464
4.37211
4.36991
4.36804
 4.3665
4.36529
4.36442
4.56655
4.54658
4.58804
4.36388
4.69168
4.36369
4.52808
4.36384
4.61101
4.51098
4.36437
4.36527
4.49519
4.36657
 4.6353
4.48064
4.36829
4.70509
4.46723
4.37045
4.45492
4.37309
4.66035
4.44364
4.37623
4.43333
 4.3799
4.42393
4.38416
 4.4154
4.38902
  4.718
4.40768
4.39454
4.40074
4.68501
4.70699
4.74077
4.73019
4.69338
4.74018
4.57492
4.58776
4.56241
 4.6009
4.55025
4.53847
4.61433
4.52707
4.51606
4.62797
4.50544
4.49522
4.64178
 4.4854
4.47598
4.46697
4.65568
4.45835
4.45014
4.44232
4.43489
4.42785
4.66957
4.42119
4.41492
4.40902
4.40349
4.38135
4.38507
4.39834
4.38913
4.37798
4.39356
4.37495
4.37225
4.36988
4.36784
4.36613
4.68336
4.36474
4.36368
4.57332
 4.5525
4.36295
4.53329
4.36255
4.59584
4.36249
4.51558
4.36278
4.62003
4.49927
4.36343
4.69687
4.36447
4.48425
 4.3659
4.47042
4.64574
4.36776
4.45772
4.37007
4.71068
4.44608
4.37286
4.70999
4.43543
4.37616
4.42573
4.38002
 4.4169
4.67202
4.38446
4.40891
4.70696
4.38953
4.40171
4.39526
4.69673
4.72251
4.12846
4.15423
4.73403
4.73736
4.27541
4.58001
4.56734
  4.593
  4.555
4.60628
4.54304
4.53145
4.61981
4.52024
4.50943
4.63353
4.49901
  4.489
4.47938
4.64738
4.47017
4.46136
4.45295
4.44494
4.66128
4.43732
4.43009
4.42325
 4.4168
4.41072
4.67511
4.40502
4.39969
4.39474
4.38591
4.39014
4.38203
4.37849
4.37529
4.37243
 4.3699
4.36769
4.36581
4.36425
4.49618
4.36301
4.55859
4.36209
4.58041
4.53859
4.36149
4.68875
4.36123
4.52023
4.60414
 4.3613
4.50336
4.36171
4.36249
4.48786
4.62991
4.36365
4.47359
4.36522
4.70207
 4.4605
4.36721
4.44849
4.36966
4.65751
4.43751
 4.3726
4.42749
4.37606
4.63082
4.41836
4.38009
 4.4101
4.38472
4.40264
 4.7149
   4.39
4.39595
4.70744
4.68496
4.72697
4.73634
4.69167
4.58515
4.57231
4.59829
4.55981
4.54766
 4.6117
4.53587
4.52448
4.62534
4.51347
4.50285
4.49264
4.63914
4.48283
4.47342
4.46441
4.65303
4.45581
 4.4476
4.43979
4.43238
4.66691
4.42536
4.41872
4.41246
4.40658
4.40108
4.39595
4.39119
4.38678
4.38274
4.37903
4.37568
4.37265
4.36996
4.36759
4.36554
4.68067
4.36381
 4.3624
4.56486
 4.3613
4.54397
4.36052
4.58785
4.36005
 4.5249
4.35991
4.50745
 4.3601
4.61317
4.36064
4.69419
4.49145
4.36154
  4.641
4.47673
4.36282
4.46324
 4.3645
4.36662
4.45086
 4.3692
4.43954
4.70131
4.70731
4.42921
4.37229
 4.4198
4.37591
4.67098
4.41125
4.38012
4.40354
4.38494
4.39661
4.39042
4.71985
4.69649
4.72797
4.73091
4.31854
3.95977
4.20077
4.57734
4.59034
4.56466
4.60363
4.55232
4.54035
4.61718
4.52876
4.51756
4.63093
4.50674
4.49633
4.48632
 4.6448
4.47671
4.46751
 4.4587
4.45031
4.65873
  4.524
4.44231
 4.4347
4.42749
4.42067
4.41424
4.40818
 4.6726
4.40251
 4.3972
4.39227
 4.3877
4.38348
4.37962
4.37609
4.37291
4.37006
4.36753
4.36532
4.36343
4.36185
4.36058
4.54944
4.57137
4.35962
 4.5296
4.35896
 4.6863
4.35862
4.59577
4.51152
 4.3586
 4.3589
  4.495
4.62311
4.35955
4.47984
4.36056
4.46593
4.36194
4.65356
4.69969
4.36375
4.45319
4.36599
4.44153
 4.3687
4.43089
4.42119
4.37193
4.41237
4.37572
 4.4044
4.71265
 4.3801
4.39722
4.38511
4.39081
4.68399
 4.7247
 4.6746
4.67118
4.73221
4.58243
4.56957
 4.5956
4.55705
4.54489
4.60904
 4.5331
4.62272
 4.5217
4.51068
4.50007
4.63659
4.48986
4.48005
4.47064
4.65054
4.46164
4.45305
4.44486
4.43707
4.66451
4.42967
4.42266
4.41605
4.40981
4.40396
4.39848
4.39338
4.38864
4.38426
4.38023
4.37655
4.37321
4.37019
4.36751
4.36515
4.67837
4.36309
4.36135
4.35992
4.55496
4.35878
4.57808
4.53427
4.35795
4.35741
4.51557
4.35719
 4.6043
4.35728
 4.4985
4.69201
4.63438
4.35768
4.48289
4.35843
4.35954
4.46858
4.36104
4.45546
4.06183
4.36295
4.66702
4.44346
4.36531
4.29148
4.43251
4.70533
4.36815
4.42252
4.41345
4.37152
4.40521
4.37546
4.39779
4.38002
4.39114
4.38523
4.71813
4.66836
4.58002
4.72702
 4.7287
3.94592
4.57454
4.58758
4.56183
4.60092
4.54948
4.53749
4.61453
4.52588
4.51467
4.62835
4.50386
4.49344
4.48343
4.64233
4.47383
4.46463
4.45584
4.65638
4.44745
4.43947
4.43188
4.42469
4.41789
4.41148
4.67039
4.40545
 4.3998
4.39452
4.38961
4.38507
4.38088
4.37703
4.37353
4.37037
4.36753
4.36501
 4.3628
 4.3609
4.35931
4.56045
4.53889
4.35801
4.35701
4.68425
4.35629
4.58493
4.51953
4.35588
4.35575
4.50195
4.35594
4.61366
4.48587
4.35645
4.64686
4.35729
4.47116
4.35849
4.69786
4.45767
4.36008
4.44533
4.36209
4.43406
4.67584
4.36456
 4.4238
4.41445
4.36753
4.40597
4.37105
4.71112
4.39831
4.37515
4.39143
4.37989
 4.3853
4.72366
4.71092
4.33212
4.72789
4.57958
4.56668
 4.5928
4.55412
4.60633
4.54194
4.53013
4.62011
4.51872
 4.5077
4.63409
4.49708
4.48687
4.47706
4.12967
4.46766
 4.6482
4.45867
4.45009
4.44191
3.95613
4.43413
4.66234
4.42675
4.41977
4.41317
4.40697
4.40114
4.39569
4.39062
4.38591
4.38155
4.37755
4.37389
4.37057
4.36758
 4.6764
4.36491
4.36255
 4.3605
4.35875
4.54335
 4.3573
4.56579
4.35613
4.52337
4.35525
4.62442
4.35465
4.59198
4.50528
4.35434
4.35431
4.69026
4.48875
4.35459
4.35518
4.65561
4.47363
 4.3561
4.45979
4.35739
4.65748
4.44712
4.35907
4.43553
4.36118
4.70383
4.42499
4.36375
 4.4154
4.40668
4.36685
4.52809
4.39877
 4.3705
4.39166
4.37477
4.38531
4.37969
4.71709
4.72818
4.68958
4.58469
 4.5716
4.55884
4.59812
4.54645
4.61183
4.53444
4.52282
4.62579
4.51159
4.50077
4.49035
4.63994
4.48034
4.47074
4.46155
4.45276
4.65419
4.44439
4.43642
4.42885
4.42168
4.41491
4.66844
4.40852
4.40252
 4.3969
4.39165
4.38677
4.38226
 4.3781
4.37428
4.37081
4.47864
4.36766
4.36484
4.36234
4.36014
4.35825
 4.5474
4.35664
4.52698
4.35532
4.68255
4.35427
4.57053
4.35351
4.50844
4.35301
4.63469
4.59898
4.35279
4.49152
4.35285
4.35321
4.47601
4.35387
4.46182
4.69639
4.35487
4.44881
3.96495
4.35623
4.43692
4.35799
4.42609
4.36019
4.41625
4.40731
4.36287
4.63273
4.39918
4.36609
4.39184
4.70991
4.36989
4.38526
4.37432
4.37944
4.72281
4.72391
4.32402
3.98599
4.57659
4.58989
4.56363
4.55103
4.60353
4.53882
4.61744
4.52698
4.51555
4.50451
 4.6316
4.49389
4.48366
4.47386
4.64594
4.46446
4.45548
4.44691
4.43875
4.66035
4.43099
4.42363
4.41667
4.41011
4.40393
4.60616
4.39813
4.39272
4.38767
4.38299
4.37867
4.67472
 4.3747
4.37107
4.36778
4.36481
4.36216
4.35982
4.35778
4.53016
4.35603
4.55065
4.35456
4.35337
4.51141
4.35244
4.35178
4.57414
4.35137
4.49416
4.68886
4.35124
4.35137
4.47825
4.35179
4.62125
4.46371
4.35251
 4.4504
4.35357
 4.4382
4.35499
4.42709
4.35682
4.70259
4.41701
4.35911
4.40784
4.39952
 4.3619
4.39196
4.25903
4.36524
4.38517
 4.3692
4.37912
4.37381
4.71576
4.72592
4.67438
3.93315
4.58167
 4.5685
 4.5952
4.55568
4.54325
4.60905
 4.5312
4.51956
4.62318
4.50831
4.49747
4.63756
4.48704
4.47703
4.46743
4.45824
4.65211
4.44948
4.44111
4.43316
4.42562
4.60491
4.41847
4.66671
4.41173
4.40537
 4.3994
4.39381
 4.3886
4.38375
4.37927
4.37514
4.37136
4.36792
 4.3648
4.36201
4.35953
4.53248
4.35735
4.35546
4.68119
4.35385
4.51405
4.35251
4.35144
4.35062
4.55195
4.35005
4.49659
4.34973
4.57482
4.34966
4.48038
4.34985
4.35032
4.46545
4.69532
4.35109
4.45184
4.43936
 4.3522
4.35368
4.42798
4.35557
4.41765
4.40828
4.39978
4.35794
4.39202
4.36083
4.70865
4.38501
4.36431
4.37875
4.36842
4.37323
4.29113
4.07694
4.72023
4.71864
4.58205
4.57344
4.58684
4.56041
 4.6006
4.54776
3.92737
4.53549
4.61469
4.52363
4.51217
4.62908
4.50111
4.49047
4.48025
4.64371
4.47044
4.46105
4.45208
4.55912
4.57268
4.44352
 4.6585
4.43538
4.42764
 4.4203
4.41337
4.40684
4.40069
4.39493
4.38955
4.67331
4.38454
4.37989
4.37561
4.37167
4.36808
4.36482
4.36189
4.35926
4.53337
4.51619
4.35695
4.35492
4.35318
4.35171
4.35049
4.34953
4.49883
4.34881
4.68791
4.34832
4.34807
4.48239
4.55003
4.34806
4.34829
4.46706
 4.3488
4.45311
 4.3496
4.44039
4.35075
4.42874
4.70186
4.35226
4.41816
4.35422
4.40859
4.39992
4.39201
4.35667
4.38481
4.35968
4.37832
4.36329
4.37258
4.36758
4.71405
4.68838
4.71995
4.57847
4.56521
4.59212
4.55233
4.60612
4.53985
4.52776
4.62048
4.51608
4.50481
4.49396
4.63515
4.48353
 4.4735
4.46391
4.65007
4.45473
4.44597
4.43763
4.54402
 4.4297
4.42217
4.66516
4.41506
4.43949
4.40834
4.40201
3.89932
4.39608
4.39053
4.38535
4.38055
 4.3761
4.37201
4.36827
4.36486
4.36179
4.35903
4.35657
4.51737
4.35442
4.68021
4.35255
4.50103
4.35094
 4.3496
4.34851
4.34764
  4.347
4.53053
4.48427
4.34659
4.34639
4.34641
4.46861
4.69491
4.34668
 4.3472
4.45422
4.12797
4.44124
4.34802
4.42935
4.54061
4.34919
4.41852
4.35074
4.40875
4.39993
 4.3919
4.35276
4.38454
4.35529
4.37785
4.70839
4.35841
4.37188
4.36218
4.36666
4.56953
4.71788
4.70606
 4.5276
 4.5701
 4.5836
4.55698
4.59751
4.54427
4.53196
4.61178
4.52006
4.50857
4.62644
 4.4975
4.48685
4.47662
4.64142
4.46681
4.45743
4.44846
 4.6567
4.43992
4.43179
4.42408
4.41677
4.40987
4.40337
4.39725
4.67214
4.39153
4.38619
4.38122
4.37662
4.37237
4.36848
4.36493
4.50316
4.36171
4.35881
4.51741
4.35623
4.35394
4.35194
4.35022
4.34876
4.34753
4.34654
4.68753
4.43785
4.34577
 4.4862
 4.3452
4.34484
 4.5232
4.34467
4.47008
4.34472
4.34499
4.45518
4.34551
 4.4298
4.44188
3.80616
4.34634
4.41873
4.70234
4.34751
4.40874
4.34909
4.39979
4.39168
4.38421
4.35117
4.37733
4.35379
4.37114
4.35704
4.36569
4.36098
4.71483
4.71966
4.63739
4.57508
4.56171
4.58884
4.54877
4.60301
4.53623
 4.5241
4.61759
4.51239
 4.5011
4.49023
4.63258
4.47978
4.46976
4.46017
4.64796
  4.451
4.44225
4.43392
4.12379
4.42601
4.66366
4.41852
4.41143
4.40475
4.39846
4.39256
4.38705
4.38192
4.37715
4.37275
4.36871
4.36501
4.36165
4.50533
4.35862
 4.3559
4.67956
4.35349
4.48882
4.35137
4.34952
4.34794
4.34661
 4.3455
 4.3446
4.34391
 4.3434
4.34306
4.47152
4.34292
4.69542
4.49711
4.34296
4.45611
4.34322
4.44136
4.43003
4.34372
4.51591
4.41876
4.44229
4.34453
4.40856
3.84263
 4.3457
4.38377
4.39943
4.34732
4.39127
4.51179
4.37678
4.71046
4.34944
4.37038
4.35216
4.36467
4.35557
4.35973
4.71967
4.71394
4.58015
4.56654
4.55335
4.59419
4.54057
4.60866
4.52821
4.51628
4.50475
4.62358
4.49366
  4.483
4.63896
4.47277
4.46296
4.45357
4.44463
4.65479
 4.4361
4.42799
 4.4203
4.50904
4.41303
4.40616
4.67104
4.39969
4.49258
4.39362
4.38793
4.38263
4.37771
4.37315
4.36896
4.36511
4.36161
4.35844
4.35559
4.35305
4.35081
4.34885
4.34716
4.34571
 4.3445
4.68758
 4.3435
4.34269
4.34205
4.47314
4.34158
4.34126
 4.3411
4.45684
4.34112
4.34134
4.41861
 4.3418
 4.7042
   4.43
4.44252
4.40815
4.34258
4.34374
4.39887
4.37618
 4.3832
4.39066
4.34538
 4.3696
 3.8455
4.34757
4.36363
4.35042
4.35841
4.35401
4.71912
4.51993
4.12839
4.38292
4.53441
4.69711
4.57144
  4.558
4.58533
4.54499
4.59966
4.53239
4.52022
4.61445
4.50848
4.49716
4.62977
4.48627
4.47581
4.46579
4.64561
 4.4562
4.44704
4.43831
   4.43
4.66201
4.42212
4.41465
4.40759
4.40095
 4.3947
4.49907
4.38884
4.38338
4.37829
4.37357
 4.4759
4.36922
4.36523
4.36158
4.35827
4.67893
4.35529
4.35263
4.35027
 4.3482
4.34639
4.34485
4.34353
4.34243
4.34152
4.34078
4.34019
4.33973
4.69639
 4.3394
4.33921
4.45683
4.33918
4.44283
4.41815
4.33933
4.40753
4.33973
4.42973
4.34046
4.39805
 4.3755
4.43785
4.34161
4.36883
4.38241
4.71401
4.38976
4.34328
4.50322
4.36261
4.34555
4.35708
4.34856
4.35238
3.82456
4.72155
4.50861
4.56274
4.57644
4.54948
 4.5906
4.53664
4.60524
4.52424
4.51226
4.62041
4.50071
 4.4896
4.47892
4.63617
4.46868
4.45887
 4.4495
4.65256
4.44056
4.43205
4.47949
4.42397
4.41631
4.40907
4.66966
4.40223
 4.3958
4.38978
4.38414
4.37888
4.37401
 4.3695
4.36536
4.36157
4.35812
4.35501
4.35222
4.32862
4.34973
4.34755
4.34564
  4.344
4.34259
4.68751
 4.3414
4.34041
4.33958
4.33889
4.33832
4.33786
4.33749
4.33723
4.40672
  4.443
 4.4558
4.33711
  3.969
4.33717
4.70608
 4.4173
4.39694
4.33749
4.42932
4.36807
4.33815
4.37468
4.38853
4.33929
4.36164
4.38134
  4.341
4.35578
4.34338
4.72306
4.35073
 4.3466
3.80641
4.19433
4.67214
4.56756
4.55404
4.58153
4.54096
4.59598
4.52832
4.51611
4.61096
4.50434
4.49299
4.62654
4.48208
4.47162
4.46159
 4.6428
4.45201
4.44286
4.43414
4.47251
4.65987
4.42586
  4.418
4.41057
4.40355
4.39694
4.39073
4.38492
 4.3795
 4.4578
4.37447
 4.3698
4.36551
4.67785
4.36157
4.35798
4.35473
4.35181
4.34921
4.34691
 4.3449
4.34316
4.34167
 4.3404
4.33933
4.33842
4.33766
  4.337
4.33643
4.69678
4.33593
4.33549
4.33514
 4.4055
4.42959
4.33489
 4.3955
 4.4317
4.33483
4.44461
4.33503
4.36731
4.38695
4.36077
4.41598
4.33563
4.71598
4.37361
3.77979
4.17651
4.33676
4.35454
4.37986
4.33852
4.34909
4.34107
4.34457
4.72155
4.07752
4.55868
4.57246
4.54536
4.53247
 4.5867
4.52003
4.60147
4.50801
4.49644
4.61682
 4.4853
4.47461
4.63285
4.46437
4.45456
 4.4452
4.64972
4.43627
4.42779
4.45067
4.41973
4.60074
 4.4121
 4.6676
4.40489
 4.3981
4.39171
4.38573
4.38014
4.37494
4.37012
4.36567
4.36158
4.35785
4.35447
4.35142
4.34869
4.34628
4.34417
4.34233
4.34075
4.33941
4.68666
4.33827
 4.3373
4.33648
4.33576
4.33512
4.33451
4.39403
4.33394
4.33339
4.43013
4.33289
3.63218
4.33249
4.70656
 4.3848
4.33226
4.40428
4.36004
4.33235
4.36645
4.35349
4.33288
4.45484
4.41446
 4.3778
  4.334
4.37216
4.34752
4.72295
4.33586
4.34254
4.33864
4.68532
4.30702
4.54982
4.56339
 4.5367
4.57743
4.52401
4.59195
4.51176
4.49994
4.60704
4.48858
4.62279
4.47766
4.46718
4.63934
4.45716
4.44758
4.43844
4.42975
4.65692
4.42149
4.42806
4.41367
4.40627
4.39928
4.41569
 3.7214
4.39272
4.38656
 4.3808
4.37543
4.67579
4.37045
4.36585
4.36161
4.35773
4.35421
4.35103
4.34818
4.34565
4.34343
4.34149
4.33983
4.33841
4.33721
 4.3362
4.33533
4.33457
4.33388
4.33322
4.33255
4.69606
4.33187
4.41656
4.39236
4.33116
4.38197
4.33047
4.32985
 4.3595
4.32944
4.35269
4.32938
4.37504
4.41338
 4.3654
4.32985
4.34612
4.40601
4.71617
4.33099
4.37012
4.34055
4.33301
4.33615
4.13156
4.71654
3.80139
4.54099
4.55436
4.52806
4.56817
4.36022
4.51557
4.58246
4.50352
4.59728
4.49191
 4.6127
4.48076
4.47005
4.62887
 4.4598
   4.45
4.64599
4.44066
4.43175
4.42329
4.41526
4.66441
4.40767
 4.4005
4.39375
4.38741
4.38148
4.37594
4.37079
4.36603
4.36165
4.35762
4.35396
4.35064
4.34767
4.34502
4.34269
4.34065
4.33891
4.33742
4.68447
4.33616
 4.3351
 4.3342
4.27438
4.40922
4.33341
4.37908
 4.3327
4.33201
 4.3313
4.33053
4.32968
4.32877
4.32782
4.35228
4.32695
4.37081
4.35913
4.32631
4.39094
4.70572
4.34506
4.32612
4.32653
 4.3387
4.36394
4.36693
4.32773
4.33368
4.41779
4.33002
4.72419
3.69119
4.63681
4.15865
4.24851
4.53218
4.54535
4.51945
4.55895
4.50716
4.57302
4.49532
4.58755
4.60264
4.48392
4.47298
4.61841
4.46251
4.63502
4.45248
4.44291
4.43379
4.65278
4.42512
4.41689
 4.4091
4.40174
 4.3948
4.38828
4.67219
4.38217
4.37647
4.37116
4.36624
4.36169
4.35752
4.35371
4.35026
4.34715
4.34438
4.34194
 4.3398
4.33797
 4.3364
4.33509
 4.3949
4.33399
4.33306
4.33227
4.33155
4.33087
3.69481
4.33014
4.37455
4.69357
4.32934
4.32842
4.32736
4.36445
4.35255
4.32616
 4.3249
4.34448
4.32372
4.32284
4.31915
4.35901
4.32249
4.36192
4.33708
4.32287
4.33126
 4.3726
4.32423
4.36136
4.32696
4.71128
4.71613
 4.5234
4.53637
4.51086
4.54977
3.65627
4.49878
4.56361
4.57789
4.48714
4.59266
4.47597
4.60803
4.46526
4.62412
  4.455
4.44521
4.64118
4.43587
4.42699
4.33946
4.41856
 4.6596
4.41057
4.40301
4.22497
4.39589
4.38918
4.38289
4.37701
4.37154
4.36645
4.36175
4.35743
4.35347
4.34988
4.35655
4.34664
4.34374
4.34118
4.33895
4.33701
4.68012
4.33537
  4.334
4.33285
 4.3319
4.33111
4.33041
4.32975
4.32906
4.32828
4.32734
 4.3262
4.34469
4.32484
4.35383
4.32328
4.32162
4.35354
4.36171
4.32009
4.33595
4.70148
4.31895
4.55041
4.31847
3.55033
4.32897
4.35951
4.31886
4.32395
4.32055
 4.3565
4.67734
4.12964
4.22397
4.51464
4.52741
4.50231
4.54062
4.49043
4.55424
4.56829
4.47901
4.58279
4.59777
4.46806
4.61337
4.45757
4.44755
4.62975
  4.438
3.60811
 4.4289
4.64723
4.42026
4.41207
4.40431
4.39699
4.66626
4.39011
4.38363
4.37758
4.37193
4.36668
4.36182
4.35734
4.35324
 4.3495
4.34613
 4.3431
4.34042
4.33807
4.33604
4.33431
4.33287
4.33168
4.33072
4.32992
4.33677
4.32925
4.32864
4.32801
4.68745
4.34645
4.32729
 4.3264
4.32527
4.32384
4.32209
4.33545
4.33703
4.32005
3.64267
4.31792
4.31599
4.35768
4.31458
4.32688
4.35179
4.31398
4.32097
4.31454
4.27712
4.31678
4.36345
4.69547
4.32458
3.63498
 4.5059
4.51848
4.49378
 4.5315
4.54493
4.48211
4.55877
4.47092
4.57301
4.58767
4.46019
4.60283
4.44994
4.61861
4.44016
 4.6352
4.43085
3.97895
4.42199
4.41359
 4.3115
4.65297
4.40564
4.39813
4.39105
 4.3844
4.37817
4.37234
4.36692
 4.3619
4.67219
4.35727
4.35301
4.34913
4.34562
4.34246
4.33965
4.33719
4.33505
4.33323
4.33172
4.33048
4.32948
4.32869
4.32805
 4.3275
4.32696
4.32634
4.35098
4.32555
4.33593
 4.3245
 4.3231
4.32128
4.31901
4.26055
 4.3164
 4.3137
4.32522
4.31132
4.68987
4.33251
4.30967
3.58326
4.36829
4.30902
4.31799
4.31319
4.31002
4.64873
4.38315
4.50958
4.49719
 4.5224
4.48528
4.53565
4.47383
 4.5493
4.46287
4.56333
4.57773
4.45238
4.59251
4.60778
4.44237
4.62364
4.43283
4.42376
 4.6403
4.41515
  4.407
4.39929
4.39202
4.65798
4.38518
4.37877
3.62428
4.37277
4.36718
4.36199
 4.3572
 4.3528
4.34877
4.34511
4.34181
4.33887
4.33629
4.33404
4.33212
 4.3386
4.33053
4.32923
4.67567
 4.3282
 4.3274
4.21167
4.32679
 4.3263
4.32586
4.32537
4.32473
4.32383
4.32255
 4.3208
4.32367
4.31846
4.36106
4.31552
4.31218
 4.3506
4.30884
4.30598
4.28819
4.30408
4.31479
4.06956
4.51835
3.60906
4.30957
4.30365
4.30552
4.38127
4.50069
4.48851
4.51332
4.47681
4.52639
 4.4656
4.53987
4.55371
4.45487
 4.5679
 4.5824
4.44462
4.59725
4.61251
4.43486
4.62833
4.42557
4.41675
4.64477
4.40839
4.40048
4.39302
4.38599
4.37939
4.66797
4.37321
4.36745
 4.3621
4.35715
4.66144
4.35258
 4.3484
 4.3446
4.34117
4.33809
4.33538
4.33301
4.33099
 4.3293
4.32793
4.32685
4.34362
4.32605
4.32546
4.32503
4.32469
4.67214
  4.322
4.32435
4.27451
4.32389
4.32319
3.57972
4.32213
4.32055
4.31831
4.31528
4.31149
4.31144
4.30317
4.30726
4.29984
4.36156
4.29777
4.30551
4.30179
4.29817
4.49182
4.50425
4.47985
4.51715
4.46838
4.53046
 4.4574
4.54416
4.44692
4.55817
4.57247
4.43692
4.58701
4.60181
4.61695
4.42741
4.41838
4.63252
 3.5833
4.58444
4.40981
 4.4017
4.64823
4.39404
4.32126
4.38682
4.38003
4.12722
4.21422
4.37368
4.36774
4.36222
 4.3571
4.35238
4.34805
 4.3441
4.34052
4.33731
4.33446
4.33197
4.32983
4.32804
4.32659
4.32545
4.66174
4.32461
4.32403
4.32366
4.32343
4.32324
4.32299
4.32253
4.32173
 4.3063
4.32045
4.34526
4.31847
4.31558
4.31162
4.29649
4.30146
4.30674
4.29262
4.04429
3.60254
4.30048
4.29886
4.29084
4.48296
 4.4952
4.47122
4.50792
4.29324
4.52107
4.45999
4.53463
4.44926
4.54851
4.43903
4.56266
4.07297
4.57699
4.42929
4.59149
4.60613
4.62097
4.42004
4.41126
4.63603
4.40294
4.65423
4.39508
4.38767
4.65005
 4.3807
4.37416
4.36805
4.36235
4.31174
4.35707
4.35218
 4.3477
 4.3436
4.33987
4.33652
4.33353
4.33091
4.32865
4.32675
3.60626
 4.3252
4.32399
4.32311
4.32252
4.32218
4.32204
4.32201
4.32197
 4.2953
4.59239
4.32178
 4.3213
4.32037
4.31878
4.31626
4.31248
4.28859
4.29446
4.29664
4.30732
4.30105
4.27477
 4.2841
4.29906
4.29108
3.59281
4.48615
4.47413
4.49866
4.46263
4.51166
4.45164
4.52509
4.28381
  4.278
4.44118
4.53888
4.55293
 4.4312
4.56715
4.42173
4.58146
4.59578
4.61011
4.62448
4.41274
4.06059
4.64726
4.40421
4.63867
4.39615
4.38855
4.38139
4.37466
4.36837
 4.3625
4.35704
  4.352
4.34735
 4.3431
4.33923
4.33573
 4.3326
4.32984
4.32745
4.32543
4.32377
4.32247
4.32152
 4.3209
4.32058
4.32051
4.32062
4.32079
 4.3209
4.24461
4.32076
4.32023
 3.6522
4.31912
4.31713
4.28217
4.31387
4.28589
4.30891
4.29412
4.27881
4.30213
4.29171
4.62421
4.30997
4.27409
4.47712
4.48942
4.46534
4.50224
4.45409
4.51552
4.44336
4.52921
4.43315
4.54322
4.42345
4.55741
4.62732
4.57165
4.41425
4.61367
4.53677
4.58581
4.59983
3.66735
4.40552
4.39725
4.63936
4.27752
4.38945
 4.3821
4.37518
4.36871
4.18433
4.36266
4.35703
4.35182
4.34701
4.33494
 4.3426
4.33858
4.33167
4.32877
4.32625
4.32409
4.32231
 4.3209
4.31986
4.31919
4.31886
4.31883
4.31905
4.31942
4.31982
4.32006
4.28508
4.31996
4.06388
  4.318
4.31935
 4.3155
4.27544
4.24793
4.31126
4.28542
4.30467
4.29572
3.60308
4.26645
4.27701
4.28203
4.48018
 4.4681
4.49279
4.45657
4.50593
4.44559
4.51951
4.43515
4.62903
4.53348
4.42521
4.54768
4.41578
4.56196
4.61668
4.60356
4.57612
4.40684
4.59002
4.39838
4.26217
4.39037
4.38283
4.37573
4.62926
4.36907
4.36284
4.35703
4.35165
4.34668
4.33073
4.33415
4.34211
4.33794
4.32769
4.22214
4.32503
4.32274
4.32082
4.31929
4.31815
3.56219
 4.3174
4.31702
  4.317
 4.3173
4.31784
4.31851
4.31912
4.31948
4.31708
 4.3194
4.31393
 4.3187
4.27424
4.26159
4.30833
4.28762
4.53956
4.29947
4.27526
4.25053
4.62595
3.55741
4.47094
4.45912
4.48333
4.44786
4.49628
4.50975
4.43716
4.52367
4.42699
4.04505
 4.5379
4.41734
4.55228
4.61871
4.40819
4.60686
4.14756
4.05442
4.56658
4.59401
4.39952
4.58057
4.39132
4.38358
4.37629
4.36944
4.36303
4.35705
4.35149
4.34636
 4.3298
4.32661
4.33336
 4.3238
4.34163
 4.3373
4.32137
4.31932
4.31765
4.31638
4.31552
4.31507
4.24667
4.31503
4.31536
4.31601
4.31692
4.26025
 4.3179
4.31874
4.31645
 4.3192
4.31834
4.31912
4.24682
4.31252
3.56622
4.27677
4.24306
4.30494
4.29272
4.20704
4.59875
4.46172
4.47385
4.45018
4.48659
4.43921
4.49991
4.42881
4.51375
4.41892
  4.528
4.40956
4.54252
4.61748
 4.6094
4.40069
4.55705
4.59769
4.57131
4.58496
4.39229
4.38435
4.23064
3.55755
4.37687
4.36984
4.36324
4.35708
 4.5116
4.35135
4.34604
4.32553
4.32258
4.32887
   4.32
4.34115
4.33257
4.33667
 4.3178
4.31599
4.31458
4.31358
4.31303
4.31292
4.31323
4.31395
4.31503
4.31635
4.31768
4.24054
4.31872
4.31638
4.31839
4.26213
4.31924
4.31917
4.02844
4.31152
 4.2833
4.18686
3.52737
4.30049
4.21826
4.46439
4.45254
4.47687
 4.4413
4.48999
4.43064
 4.5037
4.42053
4.51795
4.41095
4.53258
4.40187
4.60077
4.54738
4.60995
4.39327
4.56203
4.58925
4.60074
4.57616
4.38515
4.37747
4.37025
4.18946
4.36347
4.35713
4.35122
4.34573
4.32136
4.32446
4.31863
4.32793
4.34068
4.31628
4.33179
4.33603
4.31432
4.24348
4.31275
4.31161
4.31091
3.57094
4.31069
4.31094
4.31166
4.31283
4.31441
4.31621
4.31789
4.31915
4.31909
4.31756
4.31958
4.20787
4.31961
4.26993
4.21382
4.31156
 4.5011
 4.2941
 3.5632
4.45496
4.46714
4.44342
   4.48
 4.4325
4.49354
4.42215
4.50772
4.41235
4.52242
4.60242
4.40307
4.53747
4.39428
4.55256
4.60269
4.59337
4.38595
4.56729
4.58122
 4.3781
4.37069
4.00055
4.36372
4.35719
 4.3511
 4.1713
4.34545
4.32013
4.31725
4.31475
4.32338
4.34021
4.31264
  4.327
 4.3354
  4.331
4.31092
 4.3096
4.30874
4.30837
4.30851
4.30917
4.21459
4.31034
4.31425
4.32121
4.31658
4.31207
 4.3186
4.32047
3.53648
4.24891
4.31983
4.32023
4.32187
4.28675
4.31597
4.15765
4.45742
4.44557
4.46998
4.43437
4.48327
4.42379
 4.4973
4.41376
4.59997
  4.512
4.40427
4.52725
4.55019
4.39529
4.54276
4.59726
4.38678
4.37873
4.55815
 4.5866
3.52747
4.57296
4.37114
4.21765
4.36399
4.35728
  4.351
4.34516
4.31589
4.31323
4.31891
4.33975
4.31096
 4.3223
4.30908
4.32606
4.33478
4.33022
4.30759
4.30654
4.30598
4.30597
4.30651
4.30762
4.31466
4.30935
 4.3176
4.31175
4.32214
4.32656
4.31985
4.32089
4.14493
4.32081
3.99203
4.26606
3.53225
4.33405
4.58198
4.44775
4.43625
4.45995
4.47293
4.42542
4.48672
4.41518
4.50132
4.40549
4.51665
4.33741
4.39631
4.53251
4.60111
4.38762
4.37938
4.54855
4.59242
4.37161
4.56426
 4.5792
4.36427
4.35738
4.35092
 4.3449
4.31453
4.31172
4.33931
4.30929
4.31769
4.30724
3.52152
4.32122
4.33416
4.30558
4.32513
4.32944
4.30434
4.30356
4.32528
4.30334
4.30372
 4.3047
4.12869
4.31583
4.30632
  4.312
4.30873
4.31943
4.32125
4.33828
4.30362
4.32151
4.32151
4.45655
4.22364
3.51446
4.43815
4.44996
3.99312
4.42705
4.46255
4.47603
4.41658
 4.4904
4.40669
4.50568
4.39732
4.35017
4.52176
4.60095
4.38845
4.53837
4.38005
4.59683
4.37209
4.55499
 4.5861
4.36458
4.57099
 4.3575
4.35086
4.34465
4.33888
4.31022
4.30763
4.31317
4.30542
4.30359
4.31647
4.33356
4.32014
4.30215
4.32866
 4.3242
4.30115
4.30067
4.30083
4.30163
4.33158
4.30308
4.31808
4.31301
4.32099
4.30531
4.22748
4.30858
3.51401
 4.3223
4.32079
4.32292
4.34138
4.44004
4.42866
4.45219
4.41797
4.46526
 4.4793
4.40788
4.49437
4.39833
 4.4653
4.51048
4.38929
4.52749
4.38072
4.57474
4.37259
4.59269
  4.545
 4.3649
 3.5379
4.35764
 4.5622
 4.5782
4.35081
4.31984
4.34442
4.10415
4.18422
4.33847
4.30873
4.30599
4.30362
4.30162
4.31181
4.33296
    4.3
4.31524
4.32789
4.31905
4.32325
4.29877
4.29801
4.29844
4.29787
4.29971
4.31514
4.32205
4.30166
4.30906
3.95132
4.30462
4.31774
4.33503
4.32663
3.57085
 4.3228
4.43023
4.44192
4.41932
4.45448
4.40903
4.46806
4.48279
4.39931
4.49872
4.59194
4.39011
4.51587
4.38138
4.53406
4.37309
4.05926
4.36523
4.23952
4.55265
 4.3578
4.35079
 4.5848
4.57019
4.34421
4.33807
4.30436
4.30183
4.30723
4.29967
4.33237
4.29788
4.31044
4.29644
4.32712
  4.314
 4.3109
4.31795
4.32232
 4.2954
4.31911
4.29619
4.29518
3.58423
4.29493
4.29792
4.31038
4.30777
4.30041
4.30427
4.32939
4.32212
4.26707
4.33513
4.55315
3.83283
4.43177
4.42059
4.44379
4.41013
4.45682
4.47103
4.40026
4.48658
4.39091
3.57857
4.50358
4.38204
4.52206
 4.3736
4.28706
4.54179
4.36558
4.35798
4.58759
 4.3508
4.56169
4.34403
 4.3377
4.57885
4.33181
4.30274
4.30006
4.29578
4.29774
4.30574
4.29417
4.32637
4.30906
4.29288
4.31276
4.32138
4.31686
4.29258
4.29411
4.29204
4.29188
4.31292
4.32659
4.29621
4.30431
4.24389
3.64412
4.29925
4.30813
4.34425
4.41419
 4.4218
4.43323
4.41115
4.44564
4.35934
4.40114
 4.4592
4.47419
4.39166
4.49076
4.38266
 4.5091
4.37409
4.52934
4.57866
4.36593
4.35817
4.55125
3.66361
4.35082
3.90266
4.34387
4.33736
4.57279
4.31771
4.33126
4.29832
4.30112
4.29194
4.29584
4.29371
4.19324
4.32563
4.29047
4.30423
4.30767
4.58903
4.32045
4.31149
4.31575
4.29011
4.28929
4.28889
4.28866
4.29213
4.30457
4.34029
4.33022
4.29446
4.29787
4.26861
3.60416
4.41207
4.42289
4.36169
4.43461
4.40192
4.48419
4.44745
4.39235
4.46168
4.47758
4.38325
4.49543
4.51551
4.37457
4.36629
4.53814
4.35839
4.35087
4.56344
4.34374
4.33704
4.33075
4.29659
4.28975
4.29396
4.28814
4.29168
4.32492
4.29949
4.32563
4.59962
4.30269
 4.2879
4.31954
4.28673
4.58605
4.30626
4.28595
4.31464
4.31022
4.30488
4.25644
 3.5691
4.28562
4.28522
4.29031
4.29598
3.93317
4.29218
4.34453
4.41282
4.40259
4.42383
4.43586
4.39294
4.44921
4.46424
4.38377
 4.4813
4.50074
4.37501
4.52301
3.57217
4.36663
4.35861
4.54909
4.35094
4.30574
4.11343
4.20041
4.34365
4.47847
4.33675
4.57885
4.33027
4.28585
4.32423
4.29212
4.29485
4.28759
4.28967
4.28434
4.29784
 4.2831
4.31864
4.30113
4.31354
4.30482
4.30894
4.28603
4.28289
4.28173
4.28182
4.29253
4.57771
4.33046
4.28904
 3.5921
4.28877
3.93587
4.40306
4.41338
4.39339
4.42457
4.43696
 4.3842
4.45093
4.46691
4.48539
4.37539
4.50678
4.06113
4.36695
4.53177
4.35883
4.35103
4.56222
4.34359
 4.3365
 4.2985
4.32983
3.59771
4.28067
4.32358
4.28199
4.29029
4.28357
4.28771
 4.2931
4.28544
4.57968
4.31778
4.28046
4.29615
4.27806
4.31246
4.29954
4.30765
4.28339
4.30335
4.27887
4.27775
4.22902
4.28535
4.28609
4.26313
4.29103
3.58606
 4.4033
4.39365
4.41367
4.38449
4.42506
4.43786
4.45257
 4.3757
4.46976
   4.49
4.36722
4.26637
4.51361
4.35904
4.54107
4.35115
4.57123
4.34356
3.88265
 4.3363
4.32943
4.32297
4.27963
4.27819
4.28846
4.28579
4.27411
4.31695
4.27887
4.28128
4.28334
4.29129
 4.3114
 4.2944
4.30637
4.29791
4.27644
4.30188
4.27335
4.23255
3.64684
4.27453
4.27295
4.26549
 4.2874
4.30348
4.39366
4.40324
 4.3846
4.41363
4.37588
4.42521
4.43848
4.45411
4.47279
4.49522
4.36743
4.52086
4.35923
3.66068
4.54015
4.35128
4.54709
4.34357
4.33615
4.27034
4.17337
4.32908
 4.3224
 4.2758
4.28391
4.31616
4.27721
4.28658
4.28133
4.27438
4.27903
4.31038
4.26801
4.28943
 4.3051
4.29261
4.30038
4.29623
4.27875
4.27878
 3.8748
4.27215
4.26951
 4.2387
3.59671
4.27858
4.38444
4.39332
4.40277
4.37589
4.41315
4.47617
4.42494
4.36755
4.43881
4.45553
4.50118
4.35938
4.39844
 4.3514
 4.5276
4.34362
4.53988
4.33606
 4.3288
 4.2654
4.32191
4.27221
4.21407
4.27322
4.26109
4.31543
3.55608
4.28199
 4.2794
4.30941
4.28462
4.27474
4.27688
4.30388
4.28748
4.27069
 4.2989
4.29075
4.29453
4.26346
 4.2672
4.27607
3.86919
4.38395
4.37568
4.39255
4.48008
4.40181
4.36752
4.41211
3.55182
 4.4568
4.42412
4.43867
4.50705
4.35946
4.35151
4.25298
4.34369
4.05433
4.14416
4.44811
4.33604
4.53174
 4.3286
4.32149
4.26941
4.31475
4.27752
4.26904
4.27999
4.30848
 4.2705
4.27491
4.30269
4.25503
4.27241
4.28254
 4.2561
4.29744
4.28544
 4.2928
4.28882
4.26767
3.56254
4.26116
4.48442
3.87054
4.37512
4.38301
 4.3673
4.39123
4.21178
4.40017
4.45787
4.35944
4.41036
4.42266
4.43791
4.35159
4.49628
4.34379
4.33607
4.23521
3.55639
 4.3285
4.26611
4.32117
4.41242
4.31418
 4.2662
4.27554
4.27311
4.30763
4.24047
4.30156
4.27782
4.27039
4.26784
4.29602
 4.2673
4.28034
4.29109
4.28332
4.28685
4.25557
4.20439
 4.2683
4.48466
3.53094
4.36681
4.37414
4.45845
 4.3815
4.35928
4.38921
4.21758
4.39771
4.40771
4.43628
4.35161
4.42022
 4.3439
3.84675
4.33617
 4.3285
4.17833
4.32097
4.26178
4.26373
4.31372
4.27129
4.30687
4.27335
4.30049
4.26309
  4.167
4.26872
3.57576
4.29466
4.27546
4.23951
4.26573
4.28942
4.27801
4.28486
4.28109
4.26894
4.45066
4.28021
4.45619
4.36592
4.35891
 4.3726
4.37926
4.38628
4.35156
4.43329
3.56806
4.39421
4.40408
4.41646
4.34399
4.33632
4.25769
4.32859
4.12605
4.32091
3.72726
4.31342
4.26915
4.25758
4.26721
4.30624
4.29953
4.27088
4.29335
4.26363
 4.2542
4.28779
4.26427
4.27294
4.26063
4.20299
4.28289
4.27558
4.27881
3.53674
4.31759
 4.4397
4.26106
4.35826
4.36452
4.37037
4.35138
4.42756
4.37613
 4.3822
4.34406
4.38938
4.39876
4.41095
 4.3365
4.32879
4.32101
4.25299
4.18893
4.25073
3.51715
4.31328
4.26537
 4.3058
3.78977
4.26658
 4.2987
4.29214
4.26346
4.25465
 4.2862
4.26811
4.28094
 4.2703
4.25941
 4.2765
  4.273
4.26202
4.35187
4.41197
4.35717
3.52508
4.35102
4.36248
4.36724
 4.3718
4.34409
4.38335
4.37672
4.24281
4.03984
4.33672
4.12633
4.40266
4.39141
4.32908
4.32126
4.31336
4.26264
4.26221
4.30556
4.24652
4.24476
4.29808
4.29107
4.26359
4.28469
4.27904
4.26064
3.54384
4.26524
3.77297
4.27418
4.26754
4.25373
4.27036
4.33751
4.20001
 4.3504
4.35551
4.34407
4.35961
4.36299
  4.366
4.38657
4.33698
 4.3695
4.37473
4.32946
 4.3811
4.22604
3.54246
4.32166
4.25945
4.31365
4.23252
 4.3056
4.25923
4.29771
4.26075
4.29022
4.28332
4.27717
4.24855
4.26037
4.27187
4.26237
4.19499
4.26763
3.76023
4.26175
4.26458
3.52135
4.21007
4.34935
4.34395
4.31709
4.35317
 4.3557
4.36114
4.33729
4.35725
4.35843
4.32994
4.36309
 4.3222
4.36252
4.31417
 4.2574
4.25501
4.30592
4.15944
3.56812
4.29767
4.28966
4.25564
4.23312
4.28218
4.27541
4.26958
4.26299
4.25739
 4.2648
4.25941
4.26147
3.74995
 4.2744
4.34368
3.56175
4.34776
4.33766
4.35048
4.34992
4.34967
4.33055
4.34865
4.29462
4.34858
4.25139
4.32288
4.12012
4.34505
4.31488
4.30654
4.25043
  4.298
4.25794
4.24881
 4.2895
4.27389
4.28136
4.26731
4.19758
 4.2619
4.25234
 3.5317
4.25465
4.25803
4.25601
4.25612
3.73819
4.33812
 4.3431
4.33837
4.34554
4.33133
4.34339
4.34548
4.33984
4.32373
4.32926
 4.2474
4.31575
4.18443
3.51275
4.30742
4.24415
4.28655
4.29871
 4.2898
4.24686
4.26526
4.27274
4.28103
4.25901
 4.2574
4.25427
4.24997
4.25193
4.25203
3.71702
3.52184
4.33867
 4.3324
4.34217
4.23709
4.03623
4.12279
4.33939
4.31856
4.33399
4.34242
4.32484
4.32693
4.31681
4.30852
4.26184
4.29978
4.24026
4.23938
4.29063
4.25623
4.26366
4.28128
4.27214
3.54083
4.25039
4.24491
 4.2494
4.31345
4.24704
3.60986
4.19667
 4.2476
4.33386
4.33931
4.32172
4.32628
4.34084
4.33785
4.33047
 4.2216
3.54018
4.31809
4.30977
4.25493
4.30112
4.22637
4.29192
4.25393
 4.2404
4.24673
4.28218
4.26274
4.27229
4.19171
3.65821
4.24152
4.25099
3.51859
4.24658
4.33593
4.20537
4.24091
4.32831
4.34045
4.33098
4.29235
4.33884
4.31972
4.31777
 4.2617
4.30289
4.31115
4.30264
4.15696
4.29359
3.56533
4.22642
4.24339
4.28378
3.66891
4.25252
4.23634
 4.2733
4.26267
4.24959
4.26411
4.23252
4.33114
4.33918
3.55999
4.23695
4.32184
4.11735
4.32098
 4.3434
4.33689
4.31274
4.30417
4.29797
 4.2954
4.24096
3.66483
4.28587
4.23194
4.19304
4.24113
4.18913
4.25229
4.27524
3.53001
4.26381
4.22477
4.23892
4.33534
4.24432
4.32483
 4.2233
4.33917
4.34543
4.17919
4.23585
 4.3147
3.51115
4.30336
4.29722
4.35289
3.65282
4.30564
4.28819
4.22827
 4.2184
4.27803
 4.2405
4.24156
4.26624
 4.2534
4.32903
4.21139
4.34209
3.51974
4.11625
4.02555
4.31707
4.33152
4.20909
4.21251
3.59488
4.29033
4.35658
4.29864
4.37393
4.30705
  4.214
4.28109
4.22665
4.21506
3.53721
4.24184
4.26998
4.20204
4.33525
4.25654
4.18023
4.32065
3.53525
4.35311
4.19608
4.29511
3.60551
4.20085
4.29211
 4.3084
4.28391
4.29929
4.21048
4.19581
4.27435
4.22766
4.35243
4.16037
3.51086
4.34506
4.32552
4.26167
4.24526
4.18164
 3.6007
4.16208
 4.3105
4.19272
3.93127
4.28583
3.55619
4.36495
4.29321
4.27831
4.33238
4.20965
4.29898
4.17817
4.23206
4.17301
4.07757
4.26796
4.31292
3.54754
4.25216
3.54918
4.36097
4.28708
4.14001
 4.2807
4.30226
4.16722
4.18711
4.27477
 3.5199
4.29702
4.21341
4.29625
 4.3239
4.31362
4.12213
4.26174
4.24181
 3.6629
 3.5093
4.16002
4.31256
 4.2802
4.26665
4.28851
4.29863
 4.2788
4.22528
4.18729
4.10297
 3.5128
 3.7004
4.31397
4.27809
 4.2933
4.27815
4.26263
4.02947
4.27597
3.49879
4.19818
4.07498
 3.6432
4.29436
4.28596
4.23183
4.28474
 4.1522
4.28293
3.48654
4.25242
4.31442
4.21582
3.65714
4.27401
4.26312
4.28754
4.28186
4.20406
4.13806
3.47822
4.25224
4.31475
3.63629
4.06535
 4.2942
 4.2621
3.49015
4.14059
4.14929
4.28801
3.59614
4.20748
3.57242
3.51028
4.18519
4.21442
4.22497
4.24393
3.56199
3.51557
4.15959
4.07843
 4.2562
3.56026
4.16365
3.99612
3.93492
3.53233
3.47898
3.51372
3.52598
3.54798
3.50354
3.49755
 3.5292
 3.4934
3.52674
3.58201
3.58724
3.50031
3.35809
