83,44,14
138,168,200
5,85,6
108,5,39
85,5,108
108,168,138
138,85,108
116,85,138
148,77,130
89,77,148
117,102,155
12,11,98
155,102,123
123,98,163
46,18,95
57,18,17
57,95,18
107,44,83
488,458,513
31,82,32
3,62,4
106,62,3
118,62,106
38,2,56
38,106,3
56,106,38
80,62,118
80,108,39
39,4,80
80,4,62
6,85,60
85,116,60
713,686,662
627,602,575
8,58,96
41,8,96
96,77,41
130,77,96
41,77,9
9,77,89
89,10,9
190,148,130
190,220,249
89,148,128
249,220,277
102,117,65
65,13,102
14,13,65
83,14,65
65,117,83
155,213,174
174,117,155
187,123,163
243,213,187
187,213,155
155,123,187
68,123,102
12,98,68
98,123,68
75,19,46
46,95,75
101,57,17
59,16,86
86,115,59
115,101,59
44,107,15
15,107,86
86,16,15
139,107,83
83,117,139
139,174,197
117,174,139
575,518,545
488,513,545
545,518,488
595,652,624
623,652,595
48,22,70
498,469,442
412,351,387
387,442,412
412,442,469
557,502,529
684,706,653
782,758,732
492,469,524
524,469,498
658,709,684
831,780,807
812,786,761
837,786,812
810,786,837
862,837,812
885,837,862
624,652,680
679,706,732
679,653,706
679,652,623
623,653,679
836,862,812
453,396,400
519,546,490
200,233,175
138,200,175
175,116,138
233,214,175
156,116,175
175,214,156
6,60,40
471,416,441
419,446,473
529,502,473
389,446,419
389,330,362
554,606,583
1148,1156,1130
738,712,686
738,686,713
685,712,737
737,709,685
709,658,685
685,658,631
713,662,689
70,22,97
131,97,74
159,97,131
239,272,292
494,549,519
159,131,189
216,272,239
159,189,216
521,495,468
467,495,520
520,494,467
577,549,520
549,494,520
551,521,578
495,521,551
577,520,551
551,520,495
578,602,629
599,627,575
575,545,599
602,627,656
656,629,602
574,546,519
519,549,574
754,778,729
729,751,701
729,778,751
730,780,754
130,96,162
162,190,130
220,190,162
76,98,11
11,42,76
249,277,306
362,330,306
362,306,334
334,306,277
932,976,952
972,930,952
1130,1156,1143
1159,1176,1182
1182,1160,1159
163,191,219
219,187,163
191,248,219
243,187,219
102,13,43
43,68,102
12,68,43
90,20,19
19,75,90
229,211,172
172,195,229
154,211,183
154,101,115
115,172,154
154,172,211
137,115,86
86,107,137
137,172,115
195,172,137
45,101,17
45,59,101
16,59,45
571,545,513
571,595,624
624,599,571
571,599,545
264,213,243
197,174,232
232,264,290
232,174,213
213,264,232
21,47,74
21,97,22
74,97,21
109,25,49
109,140,91
26,25,91
91,25,109
167,140,109
81,49,24
109,49,81
100,48,70
23,48,100
498,442,472
582,557,609
209,190,249
148,190,209
271,330,302
302,241,271
249,306,271
271,306,330
271,209,249
241,209,271
208,191,149
208,248,191
684,653,630
630,658,684
597,653,623
597,543,576
576,630,597
597,630,653
851,898,875
875,903,854
492,524,553
759,786,810
759,733,708
755,807,780
780,730,755
1113,1147,1139
1139,1128,1113
812,761,785
785,836,812
735,761,707
707,680,735
758,785,735
735,785,761
810,837,861
861,837,885
885,862,908
932,885,908
810,861,835
94,82,31
185,215,244
454,453,400
617,567,591
777,750,727
701,751,727
727,751,777
643,692,669
981,964,941
955,964,991
941,964,929
929,912,886
929,964,955
955,912,929
1040,1061,1021
1040,1078,1061
1060,1078,1040
1049,1062,1093
1093,1066,1049
935,957,979
979,956,935
868,843,887
844,868,890
869,844,890
118,106,161
291,233,258
258,233,200
245,277,220
103,40,60
103,116,156
103,60,116
7,58,8
7,103,58
40,103,7
598,547,568
568,547,514
385,441,416
302,330,358
330,389,358
358,389,419
419,388,358
445,416,471
446,474,504
504,559,529
529,473,504
504,473,446
503,445,471
474,445,503
660,606,628
523,554,497
471,441,497
528,554,583
528,503,471
471,497,528
528,497,554
628,606,579
606,554,579
579,554,523
523,547,579
579,598,628
547,598,579
1018,1037,1002
712,738,763
737,712,763
763,784,737
763,738,787
147,131,74
206,189,147
147,189,131
465,494,519
519,490,465
409,380,439
439,465,409
494,465,439
467,494,439
348,381,406
462,430,406
272,298,327
327,292,272
348,292,327
327,381,348
246,298,272
272,216,246
246,216,189
246,189,206
550,518,575
575,602,550
550,602,578
578,521,550
704,730,678
733,755,704
704,755,730
577,551,603
603,551,578
578,629,603
627,599,654
654,680,707
624,680,654
654,599,624
683,656,627
683,654,707
627,654,683
708,656,683
220,162,186
186,245,220
214,245,186
156,214,186
121,96,58
121,162,96
121,186,162
156,186,121
121,103,156
58,103,121
163,98,132
98,76,132
132,76,149
149,191,132
132,191,163
88,42,10
88,76,42
88,10,89
89,128,88
88,128,149
149,76,88
1151,1164,1178
931,906,951
951,975,931
953,976,932
931,975,953
932,908,953
953,908,931
1048,1034,1012
1072,1034,1048
1108,1072,1084
1072,1048,1084
1035,1054,1013
1073,1054,1035
1088,1054,1073
996,1015,976
976,953,996
996,953,975
1036,1015,996
801,750,777
777,751,803
751,778,803
1187,1169,1185
1160,1182,1185
1185,1169,1160
1057,1016,1051
1092,1052,1074
1092,1103,1076
1076,1052,1092
1051,1052,1076
714,665,690
689,665,714
713,689,742
689,714,742
713,742,764
764,738,713
787,738,764
87,47,20
20,90,87
74,47,87
87,147,74
146,90,75
57,101,120
101,154,120
120,154,183
183,160,120
95,57,120
120,160,95
183,211,240
341,284,316
314,284,341
341,371,314
314,371,342
107,139,166
166,137,107
166,139,197
195,137,166
197,225,166
166,225,195
290,264,322
399,429,456
399,371,341
456,429,486
540,571,513
595,571,540
576,543,517
492,553,517
517,553,576
543,486,517
66,81,24
114,81,66
66,100,114
24,23,66
23,100,66
141,81,114
141,167,109
109,81,141
114,100,153
289,231,262
239,292,262
417,472,442
417,442,387
387,359,417
359,388,417
634,582,609
634,662,686
609,662,634
555,524,498
502,557,527
557,582,527
527,472,502
582,555,527
498,472,527
527,555,498
329,388,359
359,305,329
329,358,388
302,358,329
333,359,387
333,305,359
387,351,333
180,128,148
148,209,180
149,128,180
180,208,149
180,209,241
241,208,180
248,208,270
270,208,241
270,241,302
302,329,270
270,305,248
270,329,305
732,706,756
756,782,732
734,706,684
684,709,734
734,756,706
781,756,734
805,832,851
784,832,805
881,906,860
860,833,881
881,833,854
854,903,881
919,875,898
947,903,919
903,875,919
939,980,971
971,980,1016
658,630,604
631,658,604
604,630,576
576,553,604
733,759,783
783,755,733
807,755,783
783,759,810
810,835,783
783,835,807
736,761,786
786,759,736
736,759,708
707,761,736
708,683,736
736,683,707
1157,1147,1126
1147,1113,1126
836,785,809
860,836,809
809,833,860
782,833,809
758,782,809
809,785,758
705,735,680
705,679,732
732,758,705
758,735,705
705,680,652
652,679,705
907,861,885
907,885,932
932,952,907
907,952,930
884,908,862
860,906,884
884,906,931
931,908,884
884,836,860
862,836,884
831,807,857
807,835,857
950,930,972
29,51,69
69,99,29
29,99,30
52,94,31
82,94,135
53,32,92
92,32,82
275,244,215
344,321,288
288,321,263
288,263,230
230,263,212
26,91,64
343,315,289
257,231,289
289,315,257
315,283,257
257,283,226
33,79,34
34,78,54
79,78,34
67,1,37
56,2,110
171,198,150
562,588,532
532,588,561
560,589,533
533,589,562
479,522,508
453,454,499
454,508,499
645,617,591
591,642,645
839,855,886
811,839,789
855,839,811
886,855,900
941,929,900
900,929,886
900,855,872
872,916,900
900,916,941
934,912,955
889,912,934
560,586,614
614,589,560
887,843,866
694,720,663
739,720,694
717,669,692
717,771,739
739,694,717
717,694,669
643,669,613
613,588,643
561,588,613
663,720,670
670,642,663
696,645,670
670,645,642
816,771,792
792,844,816
816,869,823
844,869,816
1021,1061,1041
1061,1081,1041
1041,1081,1062
982,1005,1022
1060,1040,1022
1022,1044,1060
1005,1044,1022
960,981,941
941,916,960
986,1005,961
961,1005,982
1078,1113,1096
1061,1078,1096
1096,1081,1061
1096,1113,1128
1062,1081,1101
1101,1093,1062
974,956,998
998,956,979
979,1019,998
867,822,823
867,869,892
823,869,867
795,822,797
823,822,795
739,771,795
795,816,823
771,816,795
890,868,910
910,935,956
887,935,910
910,868,887
890,937,914
892,869,914
914,869,890
118,161,177
311,274,237
291,258,317
227,202,259
227,258,200
227,200,168
168,202,227
267,245,214
267,233,291
267,214,233
300,334,277
277,245,300
245,267,300
672,695,722
357,385,416
334,300,357
416,445,391
362,334,391
391,357,416
334,357,391
420,445,474
420,474,446
362,391,420
420,391,445
420,389,362
446,389,420
474,503,530
530,585,559
559,504,530
530,504,474
688,664,635
635,660,688
583,606,635
606,660,635
638,664,690
690,665,638
677,660,628
690,664,715
715,664,688
688,660,710
660,677,710
959,938,933
973,925,936
791,760,813
1140,1107,1127
1127,1107,1116
559,585,612
585,638,612
612,638,665
437,465,490
437,490,462
437,381,409
409,465,437
462,406,437
437,406,381
467,439,410
410,439,380
352,327,298
352,380,409
409,381,352
381,327,352
323,380,352
352,298,323
323,298,265
298,246,265
206,236,265
265,246,206
518,550,493
493,521,468
493,550,521
733,704,682
708,733,682
682,656,708
629,656,682
600,574,549
600,622,574
600,651,622
600,549,577
1186,1195,1197
1197,1178,1186
1186,1178,1164
1136,1122,1150
1151,1121,1136
1150,1164,1136
1136,1164,1151
1089,1122,1106
1106,1121,1088
1106,1136,1121
1122,1136,1106
1088,1073,1106
1106,1073,1089
1150,1122,1134
1152,1175,1162
1150,1134,1162
1162,1134,1152
1167,1175,1152
1167,1189,1175
1167,1169,1187
1187,1189,1167
1055,1034,1072
1055,1071,1036
1012,1034,994
975,951,994
1090,1072,1108
1090,1055,1072
1071,1055,1090
1012,994,970
970,994,951
985,968,1007
1064,1084,1048
995,1015,1035
1035,1013,995
976,1015,995
995,1013,972
972,952,995
995,952,976
1056,1073,1035
1056,1015,1036
1035,1015,1056
1036,1071,1056
1056,1071,1089
1089,1073,1056
804,780,831
754,780,804
804,778,754
1165,1143,1156
1165,1170,1143
1143,1170,1153
1153,1176,1159
1153,1170,1176
1094,1110,1077
1100,1110,1132
1084,1064,1100
1077,1110,1100
1100,1064,1077
1016,1057,1028
1028,1057,1075
1002,1037,1058
958,1004,980
958,915,938
958,980,939
939,915,958
1020,1052,1051
1020,1004,1052
980,1004,1020
1051,1016,1020
1016,980,1020
1087,1107,1075
1075,1057,1087
1087,1116,1107
1087,1057,1051
1051,1076,1087
1087,1076,1103
1103,1116,1087
858,877,904
743,715,766
743,714,690
690,715,743
787,834,808
808,763,787
784,763,808
808,832,784
129,160,188
129,146,75
188,146,129
129,75,95
95,160,129
325,266,299
206,147,179
179,236,206
261,211,229
261,240,211
293,240,261
273,240,293
438,493,468
354,325,299
383,325,354
197,232,256
256,225,197
284,225,256
256,316,284
256,232,290
290,316,256
284,314,255
255,225,284
229,195,255
195,225,255
296,264,243
296,322,264
351,322,296
296,333,351
351,412,378
378,322,351
428,399,456
371,399,428
543,597,569
595,540,569
623,595,569
569,597,623
484,513,458
484,540,513
458,428,484
484,428,456
173,141,114
114,153,173
122,100,70
122,153,100
70,97,122
122,97,159
444,417,388
444,388,419
502,472,444
472,417,444
419,473,444
444,473,502
582,634,608
608,555,582
248,305,276
305,333,276
276,219,248
243,219,276
276,296,243
333,296,276
806,756,781
782,756,806
806,833,782
854,833,806
757,805,781
757,734,709
781,734,757
757,709,737
737,784,757
784,805,757
939,971,923
904,877,923
524,555,580
580,553,524
580,604,553
631,604,580
580,608,631
555,608,580
829,848,872
829,811,779
872,855,829
855,811,829
847,896,870
870,896,917
802,829,779
848,829,802
1112,1142,1141
1157,1126,1141
1141,1126,1112
1141,1166,1157
1142,1166,1141
1177,1163,1184
1124,1105,1135
1135,1105,1118
1154,1163,1177
1154,1135,1163
1154,1142,1124
1124,1135,1154
1124,1142,1109
1109,1142,1112
1095,1113,1078
1095,1126,1113
1095,1078,1060
1112,1126,1095
883,907,930
861,907,883
883,835,861
883,857,835
967,946,988
133,99,164
164,193,133
73,52,30
94,52,73
73,99,133
30,99,73
152,135,94
152,73,133
94,73,152
133,193,152
152,193,215
152,215,185
185,135,152
192,158,221
278,335,307
71,35,54
54,78,71
126,78,79
126,79,145
145,178,126
134,92,151
151,135,185
82,135,151
151,92,82
84,33,53
53,92,84
84,79,33
84,92,134
145,79,84
84,134,145
448,422,394
394,422,364
393,422,447
364,422,393
244,275,304
145,134,181
134,151,181
297,263,321
321,353,297
297,335,278
297,353,335
196,167,226
140,167,196
119,91,140
119,64,91
401,430,457
289,262,319
319,343,289
319,262,292
319,292,348
226,283,254
254,196,226
230,196,254
288,230,254
340,283,315
56,110,136
194,161,136
136,106,56
136,161,106
72,67,112
1,67,72
2,1,72
72,110,2
169,237,201
201,237,274
228,198,171
228,260,286
55,36,63
170,198,224
170,150,198
111,150,170
562,532,507
507,533,562
639,613,669
639,694,663
669,694,639
505,532,561
561,526,505
505,476,447
526,476,505
500,470,525
525,556,500
390,353,413
335,353,390
525,470,491
581,556,525
666,633,687
610,586,556
556,581,610
610,581,633
610,633,666
321,344,377
377,353,321
413,353,377
400,396,363
396,368,363
591,567,544
544,508,522
536,499,508
536,544,567
508,544,536
740,687,711
779,811,762
762,740,711
762,811,789
789,740,762
957,935,913
913,934,957
913,935,887
889,934,913
887,866,913
913,866,889
701,727,675
675,649,701
516,490,546
546,570,516
462,490,516
640,614,586
640,610,666
586,610,640
667,614,640
770,744,793
820,794,843
820,844,792
843,868,820
868,844,820
668,692,643
692,668,719
719,668,693
718,744,770
718,693,667
696,670,723
720,768,723
723,670,720
797,768,748
748,795,797
739,795,748
748,720,739
748,768,720
991,1017,977
955,991,977
977,934,955
957,934,977
1001,991,964
964,981,1001
1001,981,1021
1021,1041,1001
1053,1070,1031
1070,1044,1031
1031,1005,986
1031,1044,1005
1000,960,982
1000,1040,1021
1021,981,1000
981,960,1000
982,1022,1000
1000,1022,1040
940,960,916
982,960,940
940,961,982
917,961,940
1115,1101,1081
1115,1096,1128
1081,1096,1115
1066,1038,1039
1049,1066,1039
1039,1017,1049
999,1019,979
999,1038,1019
999,1039,1038
1017,1039,999
999,977,1017
979,957,999
957,977,999
924,937,890
890,910,924
924,910,956
924,956,974
974,937,924
326,274,311
326,373,355
355,373,414
414,480,451
142,202,168
142,177,202
118,177,142
142,80,118
168,108,142
108,80,142
259,202,235
202,177,235
285,317,258
285,227,259
258,227,285
259,320,285
523,497,466
466,497,441
464,418,451
356,338,386
386,418,356
386,338,355
355,414,386
451,418,386
386,414,451
537,573,510
607,573,537
324,267,291
324,300,267
385,357,324
324,357,300
644,637,695
607,637,644
644,695,672
510,573,542
568,514,542
632,573,607
632,644,672
607,644,632
672,722,721
721,697,672
585,530,558
558,530,503
558,528,583
503,528,558
583,635,611
611,635,664
611,558,583
664,638,611
611,638,585
585,558,611
628,598,646
646,677,628
741,715,688
766,715,741
688,710,741
741,710,760
741,760,791
791,766,741
725,710,677
760,710,725
954,925,973
973,997,954
893,936,925
925,880,893
893,880,846
891,936,893
863,880,911
911,954,933
911,880,925
925,954,911
1107,1140,1117
1117,1148,1130
1117,1140,1148
559,612,584
529,559,584
584,557,529
609,557,584
636,665,689
636,612,665
636,584,612
636,689,662
636,662,609
609,584,636
440,410,383
468,495,440
440,495,467
467,410,440
655,682,704
655,704,678
655,603,629
629,682,655
622,651,676
676,729,701
701,649,676
676,649,622
754,729,703
703,651,678
729,676,703
703,676,651
703,730,754
678,730,703
678,651,626
626,655,678
626,600,577
651,600,626
577,603,626
603,655,626
1152,1134,1123
1123,1090,1108
1088,1121,1102
1151,1178,1161
1161,1178,1180
1118,1105,1085
1085,1097,1118
1196,1194,1180
1196,1178,1197
1180,1178,1196
1114,1097,1082
1175,1189,1191
1195,1186,1173
1150,1162,1173
1173,1164,1150
1173,1186,1164
1137,1167,1152
1137,1123,1108
1152,1123,1137
1014,994,1034
1036,996,1014
1014,996,975
975,994,1014
1014,1055,1036
1034,1055,1014
928,951,906
928,970,951
947,970,928
906,881,928
928,903,947
928,881,903
1026,1063,1043
1026,985,1007
1012,970,987
987,970,947
1025,987,1003
1012,987,1025
1025,1048,1012
1025,1064,1048
972,1013,993
993,950,972
1067,1082,1045
943,896,918
986,961,943
943,961,917
917,896,943
873,849,827
777,803,827
827,801,777
827,849,801
801,849,826
847,800,826
918,896,871
871,826,849
871,896,847
847,826,871
1138,1153,1159
1132,1110,1138
1159,1160,1138
1160,1132,1138
1043,1063,1079
1143,1153,1125
1110,1094,1125
1125,1138,1110
1153,1138,1125
992,971,1016
1016,1028,992
1007,968,992
992,1028,1007
1050,1028,1075
1063,1026,1050
1007,1028,1050
1050,1026,1007
1030,1074,1052
1030,1058,1074
1052,1004,1030
1002,1058,1030
1004,958,984
984,959,1002
938,959,984
984,958,938
1002,1030,984
984,1030,1004
814,858,834
814,834,787
787,764,814
714,743,765
765,742,714
878,858,904
834,858,878
853,808,834
834,878,853
853,878,901
832,808,853
350,325,383
383,410,350
350,380,323
350,410,380
236,266,294
266,325,294
325,350,294
294,350,323
323,265,294
294,265,236
147,87,127
127,179,147
127,87,90
90,146,127
146,179,127
205,146,188
205,179,146
205,266,236
236,179,205
293,261,318
342,375,318
287,314,342
342,318,287
287,318,261
287,261,229
229,255,287
287,255,314
328,273,293
299,273,328
328,354,299
384,354,328
247,273,299
299,266,247
247,205,188
266,205,247
183,240,217
240,273,217
217,160,183
188,160,217
217,247,188
273,247,217
384,438,411
411,354,384
411,438,468
383,354,411
468,440,411
411,440,383
431,458,488
436,378,412
436,469,492
436,412,469
322,378,345
345,316,290
290,322,345
342,371,402
371,428,402
402,375,342
402,428,458
458,431,402
402,431,375
540,484,512
543,569,512
512,569,540
512,486,543
456,486,512
512,484,456
141,173,199
226,167,199
167,141,199
199,257,226
231,257,199
199,173,231
210,173,153
239,262,210
210,262,231
231,173,210
661,608,634
686,712,661
661,634,686
712,685,661
661,685,631
631,608,661
830,806,781
851,875,830
830,875,854
854,806,830
830,805,851
781,805,830
904,923,949
949,923,971
949,992,968
971,992,949
825,870,848
848,802,825
825,800,847
847,870,825
1188,1184,1172
1172,1184,1163
1171,1166,1142
1142,1154,1171
1171,1154,1177
1091,1109,1070
1091,1070,1053
1091,1105,1124
1124,1109,1091
1112,1095,1080
1080,1109,1112
1070,1109,1080
1080,1044,1070
1060,1044,1080
1080,1095,1060
857,883,905
905,883,930
930,950,905
950,927,905
988,946,966
948,989,966
986,943,965
965,943,918
946,967,921
125,99,69
125,164,99
192,164,125
125,158,192
212,263,242
263,297,242
278,221,242
242,297,278
278,307,250
250,221,278
192,221,250
93,36,35
35,71,93
93,63,36
93,150,111
111,63,93
144,71,78
78,126,144
144,126,178
424,476,450
424,393,447
447,476,424
364,393,332
332,304,364
336,304,275
366,394,336
336,394,364
364,304,336
432,454,400
479,508,432
432,508,454
331,360,303
260,234,303
204,178,145
145,181,204
204,234,178
204,181,238
207,151,185
207,181,151
185,244,207
238,181,207
26,64,50
28,27,61
64,119,104
124,61,104
104,61,27
104,50,64
27,50,104
176,196,230
176,230,212
140,196,176
176,119,140
374,319,348
348,406,374
374,406,430
430,401,374
374,401,343
343,319,374
283,340,313
288,254,313
313,254,283
340,369,313
313,344,288
313,369,344
143,112,169
169,201,143
143,72,112
110,72,143
198,228,253
224,198,253
253,228,286
260,228,203
178,234,203
203,234,260
203,228,171
171,144,203
203,144,178
477,507,532
532,505,477
477,422,448
448,507,477
447,422,477
477,505,447
522,548,563
591,544,563
563,544,522
563,642,591
526,548,501
501,476,526
450,476,501
501,548,522
501,522,479
479,450,501
423,394,366
448,394,423
421,449,395
395,423,366
449,423,395
531,500,556
531,586,560
556,586,531
421,390,443
470,500,443
413,470,443
443,390,413
365,390,421
421,395,365
365,307,335
335,390,365
435,470,413
435,491,470
413,377,435
633,581,605
400,363,379
379,432,400
666,687,716
687,740,716
596,570,546
546,574,596
574,622,596
622,649,596
819,794,770
770,793,819
819,866,843
843,794,819
865,839,886
886,912,865
865,912,889
767,793,744
744,716,767
767,740,789
767,716,740
667,693,641
693,668,641
641,614,667
589,614,641
643,588,616
616,668,643
616,588,562
562,589,616
589,641,616
616,641,668
770,794,745
745,719,693
745,718,770
693,718,745
792,771,746
771,717,746
746,717,692
692,719,746
991,1001,1024
1049,1017,1024
1024,1017,991
1024,1001,1041
1024,1062,1049
1024,1041,1062
895,940,916
895,916,872
872,848,895
848,870,895
895,870,917
917,940,895
367,326,311
367,397,373
373,326,367
274,326,282
480,414,425
425,414,373
425,397,452
373,397,425
218,235,177
218,161,194
218,177,161
194,252,218
259,235,295
295,320,259
295,338,356
356,320,295
418,464,434
317,285,346
346,285,320
481,535,480
481,425,452
480,425,481
607,537,590
566,637,590
590,637,607
480,535,534
534,590,537
534,535,566
566,590,534
672,697,657
657,632,672
657,697,671
772,721,722
698,646,671
677,646,698
698,725,677
747,725,698
752,772,796
721,772,752
697,721,752
774,725,747
774,813,760
760,725,774
796,845,799
799,845,821
799,752,796
821,773,799
773,752,799
859,845,891
821,845,859
846,821,859
859,893,846
891,893,859
978,997,1018
978,954,997
978,1018,1002
1002,959,978
978,959,933
933,954,978
877,856,894
939,923,894
894,923,877
894,915,939
888,911,933
863,911,888
938,915,909
864,888,909
933,938,909
909,888,933
841,813,863
863,888,841
841,888,864
791,813,841
915,894,882
882,894,856
882,909,915
864,909,882
1098,1117,1130
1098,1079,1063
1104,1123,1134
1090,1123,1104
1104,1122,1089
1104,1134,1122
1089,1071,1104
1071,1090,1104
1133,1102,1121
1120,1102,1133
1133,1121,1151
1151,1161,1133
1174,1161,1180
1180,1194,1174
1174,1194,1193
1179,1190,1188
1168,1190,1179
1155,1168,1179
1179,1172,1155
1188,1172,1179
1193,1190,1183
1183,1190,1168
1183,1174,1193
1097,1114,1129
1118,1097,1129
1144,1168,1155
1155,1129,1144
1144,1129,1114
1192,1195,1181
1195,1173,1181
1181,1173,1162
1181,1162,1175
1181,1191,1192
1175,1191,1181
1119,1137,1108
1108,1084,1119
1084,1100,1119
1119,1100,1132
1169,1167,1146
1167,1137,1146
1160,1169,1146
1146,1132,1160
1146,1119,1132
1137,1119,1146
1003,1023,1042
1042,1025,1003
1077,1064,1042
1064,1025,1042
1059,1023,1043
1043,1079,1059
1059,1079,1094
1059,1042,1023
1059,1094,1077
1077,1042,1059
1043,1023,1006
1006,1026,1043
985,1026,1006
1029,989,1011
1029,1067,1045
1008,1029,1045
989,1029,1008
988,966,1008
1008,966,989
1011,989,969
950,993,969
969,993,1011
969,927,950
948,927,969
969,989,948
1046,1029,1011
1067,1029,1046
1099,1114,1082
1082,1067,1099
873,827,850
850,827,803
948,966,922
922,966,946
852,804,831
788,765,815
742,765,788
788,764,742
788,814,764
877,858,838
858,814,838
814,788,838
838,788,815
815,856,838
838,856,877
968,985,945
945,920,901
876,853,901
901,920,876
832,853,876
876,920,898
876,898,851
851,832,876
349,328,293
293,318,349
349,318,375
384,328,349
463,431,488
488,518,463
518,493,463
493,438,463
492,517,461
461,436,492
461,517,486
461,486,429
404,345,378
378,436,404
404,461,429
436,461,404
153,122,184
184,210,153
239,210,184
184,216,239
159,216,184
184,122,159
1163,1135,1145
1145,1172,1163
1155,1172,1145
1145,1135,1118
1145,1129,1155
1118,1129,1145
1069,1085,1105
1105,1091,1069
1069,1091,1053
1069,1047,1085
1010,1031,986
986,965,1010
1053,1031,1010
873,921,897
897,849,873
918,871,897
897,871,849
944,921,967
944,897,921
944,965,918
918,897,944
946,921,899
899,922,946
874,922,899
899,850,874
899,921,873
873,850,899
182,242,221
182,221,158
158,124,182
212,242,182
280,250,307
113,144,171
71,144,113
171,150,113
150,93,113
113,93,71
393,424,361
361,332,393
415,450,479
479,432,415
415,379,360
432,379,415
304,332,269
244,304,269
269,207,244
238,207,269
301,361,331
332,361,301
238,269,301
301,269,332
337,303,360
360,379,337
286,260,337
260,303,337
337,363,286
337,379,363
268,204,238
234,204,268
238,301,268
268,301,331
331,303,268
268,303,234
28,61,105
69,51,105
51,28,105
105,125,69
158,125,105
105,124,158
105,61,124
124,104,157
157,104,119
212,182,157
157,182,124
157,176,212
119,176,157
426,401,457
165,136,110
110,143,165
194,136,165
165,143,201
224,253,279
310,253,286
286,363,310
312,279,310
310,279,253
310,368,312
310,363,368
663,642,615
642,563,615
615,639,663
615,563,548
478,423,449
448,423,478
478,507,448
533,507,478
475,449,421
500,531,475
421,443,475
475,443,500
491,435,459
800,825,776
776,825,802
515,459,483
491,459,515
552,581,525
552,605,581
525,491,552
491,515,552
605,625,659
633,605,659
711,687,659
659,687,633
744,718,691
691,716,744
691,718,667
667,640,691
691,640,666
666,716,691
866,819,842
842,819,793
889,866,842
842,865,889
719,745,769
792,746,769
769,746,719
769,745,794
769,820,792
794,820,769
309,326,355
309,282,326
355,338,309
252,282,309
281,295,235
281,218,252
235,218,281
338,295,281
281,309,338
252,309,281
466,433,489
489,514,547
489,547,523
523,466,489
408,433,466
441,385,408
408,466,441
405,434,460
460,433,405
514,489,460
460,489,433
485,464,510
485,434,464
510,542,485
485,542,514
514,460,485
485,460,434
405,346,382
382,434,405
382,320,356
382,346,320
356,418,382
418,434,382
496,534,537
496,537,510
451,480,496
480,534,496
510,464,496
496,464,451
620,657,671
620,598,568
671,646,620
620,646,598
573,632,601
632,657,601
657,620,601
601,542,573
568,542,601
601,620,568
697,752,724
724,752,773
671,697,724
724,698,671
724,773,747
747,698,724
813,774,824
863,813,824
846,880,824
824,880,863
798,774,747
747,773,798
798,773,821
798,821,846
846,824,798
798,824,774
840,856,815
840,882,856
864,882,840
1117,1098,1086
1075,1107,1086
1107,1117,1086
1086,1098,1063
1086,1050,1075
1063,1050,1086
1079,1098,1111
1143,1125,1111
1130,1143,1111
1111,1098,1130
1094,1079,1111
1111,1125,1094
1120,1133,1149
1149,1133,1161
1161,1174,1149
1027,1008,1045
988,1008,1027
1097,1085,1065
1085,1047,1065
1047,1027,1065
1082,1097,1065
1045,1082,1065
1065,1027,1045
983,1023,1003
983,1006,1023
1033,1013,1054
1033,1046,1011
1033,993,1013
1011,993,1033
1083,1102,1120
1120,1099,1083
1067,1046,1083
1083,1099,1067
1131,1144,1114
1114,1099,1131
1131,1099,1120
1120,1149,1131
874,850,828
804,852,828
828,852,874
778,804,828
828,803,778
828,850,803
857,905,879
879,905,927
831,857,879
879,852,831
902,922,874
874,852,902
852,879,902
948,922,902
902,927,948
902,879,927
926,878,904
904,949,926
901,878,926
926,945,901
926,949,968
968,945,926
920,945,962
1006,983,962
985,1006,962
962,945,985
384,349,407
431,463,407
375,431,407
407,349,375
407,438,384
407,463,438
345,404,372
372,399,341
429,399,372
372,404,429
341,316,372
316,345,372
1053,1010,1032
1032,1069,1053
1047,1069,1032
215,193,251
251,275,215
308,251,280
366,336,308
308,336,275
275,251,308
192,250,222
250,280,222
222,164,192
193,164,222
222,251,193
280,251,222
307,365,339
339,280,307
339,365,395
339,308,280
339,395,366
366,308,339
331,361,392
392,361,424
392,360,331
392,415,360
392,424,450
450,415,392
315,343,370
370,340,315
343,401,370
401,426,370
194,165,223
223,165,201
223,252,194
223,282,252
223,201,274
274,282,223
639,615,587
587,615,548
561,613,587
613,639,587
587,526,561
587,548,526
506,478,449
506,531,560
560,533,506
533,478,506
449,475,506
506,475,531
699,726,749
800,776,749
775,826,800
800,749,775
775,749,726
775,726,750
750,801,775
801,826,775
753,802,779
753,776,802
675,648,621
570,596,621
649,675,621
621,596,649
673,726,699
750,726,700
700,648,675
726,673,700
700,673,648
700,727,750
700,675,727
457,430,487
487,511,457
487,430,462
462,516,487
538,511,565
839,865,818
865,842,818
818,842,793
793,767,818
789,839,818
818,767,789
433,408,376
405,433,376
376,346,405
317,346,376
790,840,815
790,743,766
815,765,790
790,765,743
864,840,817
791,841,817
817,841,864
817,766,791
817,790,766
840,790,817
963,983,1003
947,919,963
963,987,947
1003,987,963
898,920,942
942,919,898
920,962,942
942,962,983
942,963,919
983,963,942
1068,1033,1054
1046,1033,1068
1068,1083,1046
1102,1083,1068
1068,1054,1088
1088,1102,1068
1158,1131,1149
1158,1149,1174
1168,1144,1158
1144,1131,1158
1158,1183,1168
1174,1183,1158
990,1032,1010
990,1010,965
990,944,967
965,944,990
426,455,398
398,370,426
398,369,340
340,370,398
369,398,427
427,398,455
483,459,427
427,455,483
483,455,509
731,753,779
779,762,731
731,762,711
776,753,728
699,749,728
728,749,776
648,673,618
572,552,515
572,594,625
572,625,605
605,552,572
511,487,541
541,565,511
541,487,516
541,516,570
347,376,408
385,324,347
347,408,385
317,376,347
291,317,347
347,324,291
1032,990,1009
1009,1027,1047
1047,1032,1009
988,1027,1009
1009,967,988
1009,990,967
403,427,459
403,435,377
403,459,435
403,377,344
344,369,403
369,427,403
538,509,482
482,509,455
482,511,538
457,511,482
482,426,457
482,455,426
619,594,564
564,509,538
753,731,702
702,728,753
647,673,699
647,618,673
593,618,565
565,541,593
648,618,593
593,541,570
570,621,593
593,621,648
539,564,594
539,572,515
594,572,539
539,515,483
483,509,539
509,564,539
681,702,731
681,659,625
711,659,681
681,731,711
728,702,674
619,647,674
699,728,674
674,647,699
565,618,592
618,647,592
538,565,592
592,564,538
619,564,592
592,647,619
650,674,702
650,681,625
702,681,650
625,594,650
650,594,619
619,674,650
