1
91
176
291
406
508
578
657
751
863
969
1081
1173
1273
1377
1469
1569
1668
1746
1835
1916
1987
2059
2125
2112
2181
2242
2299
2335
2373
2405
2435
2471
2500
2542
2561
2575
2597
2615
2631
2645
2656
2670
2683
2695
2704
2710
2717
2721
2726
2730
2735
2737
2738
2740
2741
2742
2743
2729
2744
2739
2736
2732
2727
2722
2715
2708
2698
2691
2684
2671
2665
2654
2640
2632
2617
2607
2593
2576
2568
2551
2538
2522
2504
2493
2473
2456
2438
2420
2407
2384
2368
2348
2327
2310
2284
2269
2241
2219
2203
2110
2177
2156
2129
2108
2084
2053
2033
2006
1903
1985
1956
1929
1908
1875
1853
1823
1804
1775
1762
1725
1700
1663
1621
1573
1521
1467
1411
1336
1414
1358
1285
1208
1143
1070
979
912
809
745
636
555
461
348
233
171
115
90
114
89
88
113
112
111
110
109
108
107
106
105
104
103
102
101
100
99
87
98
86
85
84
83
82
81
80
79
78
77
76
75
74
73
72
71
70
69
68
67
66
65
64
63
62
97
61
96
60
95
59
94
58
57
56
55
54
53
52
51
50
49
48
47
46
45
44
43
42
41
40
39
38
37
36
35
34
33
32
31
30
29
28
27
26
25
24
23
22
21
20
19
18
17
16
15
14
13
12
11
10
9
8
7
6
5
4
93
3
92
2
1
